,x
0,0.2733335987237965
1,0.26554402593530674
2,0.305627509197537
3,0.2498959116015879
4,0.20997337538428434
5,0.32032449870281426
6,0.3037833421400788
7,0.20294711405516566
8,0.15211978353535932
9,0.12358572666221976
10,0.11428188055375868
11,0.09245791666228745
12,0.40944327344972825
13,0.3995224675461138
14,0.4969401417439559
15,0.4854817758929171
16,0.4871895238252762
17,0.49847924521101045
18,0.46196014597567336
19,0.5013537584319641
20,0.5496008752186144
21,0.5146684268513583
22,0.6250833782794456
23,0.5653402288980989
24,0.5734227696178265
25,0.5589262359014102
26,0.5089722952726793
27,0.5713231183999891
28,0.55134999253262
29,0.49914072374687907
30,0.4184556733984308
31,0.3301425879178773
32,0.3298858177529229
33,0.2906394599437936
34,0.5731597835190705
35,0.627433090233466
36,0.6209976828929167
37,0.5612246648199917
38,0.5239519313438326
39,0.4333837984074265
40,0.4216355790453451
41,0.5114686569741369
42,0.43081780448208534
43,0.6061106673705845
44,0.6283170653996425
45,0.6583762053299991
46,0.6381437640286486
47,0.6668818030667463
48,0.6289072431348032
49,0.5341700515716595
50,0.47127122121955034
51,0.5526036646716223
52,0.5837984731790619
53,0.6321655750942454
54,0.6192568556898441
55,0.5808483023267514
56,0.4722977827542004
57,0.3826333355642654
58,0.24599221679410133
59,0.2539763795472981
60,0.5870383041067143
61,0.5913932101641026
62,0.6771391873388309
63,0.5968938904070827
64,0.4921423071480476
65,0.31628914980739103
66,0.2707677509390001
67,0.281752360317648
68,0.6989170414625699
69,0.5949613970398843
70,0.729311561974295
71,0.7118472965621416
72,0.6813618567887724
73,0.6962317986768752
74,0.7060266687500055
75,0.7002644422856841
76,0.6396492731822953
77,0.5792470008057551
78,0.5776512360265863
79,0.684960286838911
80,0.7353688099672111
81,0.7845557122533814
82,0.7654654183036295
83,0.7982643264427848
84,0.790004540516491
85,0.790004540516491
86,0.7654654183036295
87,0.8142893536500474
88,0.7557623444134446
89,0.7837810454538758
90,0.8203991736626495
91,0.7692377983805473
92,0.7539136191729504
93,0.7609683010073928
94,0.7022915413340302
95,0.6527803459935311
96,0.5185881687768202
97,0.44766479213164784
98,0.44901059838945595
99,0.7080743057585575
100,0.7386005287285607
101,0.7982643264427848
102,0.7342954191425887
103,0.6899050830212743
104,0.5715850457871356
105,0.4374562942673752
106,0.29074755656547724
107,0.2891318629225867
108,0.20638388203870284
109,0.285620350116396
110,0.7677261321069716
111,0.7440254430260662
112,0.7962882285780835
113,0.7699949922256949
114,0.7487665011165185
115,0.6803845168125421
116,0.6384445134805335
117,0.6862746153677167
118,0.7163381774986688
119,0.7447524423859174
120,0.7598490629924002
121,0.7432993114186269
122,0.6958970369316053
123,0.6732699791207657
124,0.6608823157542081
125,0.572896948957044
126,0.6875920546211383
127,0.6652964815055161
128,0.6192568556898441
129,0.68726240273205
130,0.6687903595416476
131,0.704325862957855
132,0.6697471698140826
133,0.6652964815055161
134,0.6577515169640423
135,0.6493896545002668
136,0.653089677570358
137,0.7473037902182282
138,0.6918953142875411
139,0.6621397985929668
140,0.6879219014397605
141,0.6533991908081059
142,0.6372425709785596
143,0.5787144650758977
144,0.6561930042456826
145,0.35256331445676653
146,0.25086330607543117
147,0.18149682498790332
148,0.1432119352853748
149,0.10691391691240937
150,0.08898527511245954
151,0.06522884671225801
152,0.06578412336249004
153,0.05237653792032167
154,0.2804104116586164
155,0.2605517805191689
156,0.4511360197778331
157,0.4837816855189184
158,0.5488533979392757
159,0.477057128932673
160,0.6227446105847247
161,0.6354449234791317
162,0.6955624733315934
163,0.7261295334412106
164,0.6823409294692729
165,0.7128805777893882
166,0.6875920546211383
167,0.7111594643550089
168,0.659001628432912
169,0.648162091417273
170,0.6748788223544747
171,0.6378431905372357
172,0.5768554232360655
173,0.47998428005964294
174,0.3166531518864239
175,0.35256331445676653
176,0.24428460562258741
177,0.5960647187180967
178,0.7353688099672111
179,0.6303857073530064
180,0.6402527117745731
181,0.6420672735465432
182,0.6089386831329855
183,0.5223120547771316
184,0.5192838221630995
185,0.5571467636943938
186,0.5832606829462198
187,0.5848759203613975
188,0.7026300926031986
189,0.6611964091957836
190,0.6719863145437175
191,0.6303857073530064
192,0.47956470801081935
193,0.3192170853927474
194,0.24033658946152459
195,0.2484110698688116
196,0.7229645084523781
197,0.7498658312213633
198,0.7275416631603223
199,0.7749389564233079
200,0.7868853086209222
201,0.8078329146677709
202,0.7994528449032194
203,0.7857194600364257
204,0.7978686306669108
205,0.8179486003596704
206,0.8365464714433095
207,0.8159132302804252
208,0.8122650150861503
209,0.7528070351665939
210,0.8159132302804252
211,0.7974731731501162
212,0.6958970369316053
213,0.6021789476756824
214,0.45937175112957684
215,0.3292450658395851
216,0.2510397575939934
217,0.25139318075081557
218,0.75650338440813
219,0.729666174677349
220,0.7289571604362395
221,0.7768507744313202
222,0.7335808910822511
223,0.8054277731147522
224,0.8348727436408132
225,0.8336201057098197
226,0.8656299406551244
227,0.839064679102926
228,0.8332030651073633
229,0.7943180714456308
230,0.7868853086209222
231,0.8792926898477794
232,0.8708881897943135
233,0.8261518568559183
234,0.7911781277961343
235,0.7594764301958661
236,0.7166850687627992
237,0.6602546826846059
238,0.5424287455367044
239,0.4573933855227233
240,0.7857194600364257
241,0.733938048623589
242,0.787663710182162
243,0.7254247286518892
244,0.5980016985471853
245,0.4041909396321291
246,0.3365181987987473
247,0.3302710737483062
248,0.704325862957855
249,0.6596277872311991
250,0.7853313108921111
251,0.7624637496565654
252,0.745116267830256
253,0.6807101044915917
254,0.7911781277961343
255,0.8369655373541364
256,0.8183564125774129
257,0.8062285201556155
258,0.7447524423859174
259,0.6684717983084724
260,0.5548693507100108
261,0.4193358366212495
262,0.3453693125589369
263,0.3659351213830153
264,0.28383417597401006
265,0.7990564334029946
266,0.7935316675991648
267,0.8118608800487322
268,0.8496563503355717
269,0.8539382001724197
270,0.8441286458484122
271,0.8278044454933979
272,0.8673784273406284
273,0.8656299406551244
274,0.9327733171614474
275,0.8909523906235713
276,0.8643213639482681
277,0.8240917352535859
278,0.8678162140747675
279,0.8378044311080913
280,0.8932159141720353
281,0.8488030943209165
282,0.9097189058098327
283,0.8595436154361042
284,0.8612772838206657
285,0.7605949982508835
286,0.7884430485249425
287,0.6803845168125421
288,0.9129702038843909
289,0.839064679102926
290,0.875299489878356
291,0.8991335070495644
292,0.8378044311080913
293,0.8232694290052208
294,0.8323697409579093
295,0.8722087616293976
296,0.8382242592888562
297,0.8373848571861443
298,0.8625803036813546
299,0.8282182178335435
300,0.7726523348712109
301,0.8458248380299385
302,0.7833940611089959
303,0.7726523348712109
304,0.7958937225220323
305,0.795105422668339
306,0.805027761588017
307,0.763962785595722
308,0.7923538354194971
309,0.7594764301958661
310,0.7198163867651062
311,0.7513346746756999
312,0.7505998138980984
313,0.7919616970247763
314,0.7469386584221626
315,0.795105422668339
316,0.8695700265839278
317,0.8315374250991404
318,0.8042284617230431
319,0.8394852710745792
320,0.7749389564233079
321,0.720514513694428
322,0.7643381062047827
323,0.89412325919747
324,0.8909523906235713
325,0.9023394150451012
326,0.8361276592850254
327,0.8130740173505878
328,0.8307061161927802
329,0.8159132302804252
330,0.815100801676596
331,0.788053262178405
332,0.6637158184037286
333,0.8595436154361042
334,0.7557623444134446
335,0.8617113598080333
336,0.8569510002834838
337,0.8232694290052208
338,0.8094411849719418
339,0.7132254141795806
340,0.9535833275871405
341,0.9101825251435539
342,0.9521135644927474
343,0.8950317125003756
344,0.8954863552185436
345,0.9009637756973864
346,0.8770715434805939
347,0.8505106424934921
348,0.7962882285780835
349,0.9046377581915522
350,0.9332510595645861
351,0.8599766375483096
352,0.8432820912785742
353,0.7268351779092643
354,0.6092223899494357
355,0.5096515799127139
356,0.47353345160627147
357,0.48633469023792975
358,0.8608434715652512
359,0.8323697409579093
360,0.8886957615253351
361,0.8950317125003756
362,0.8454004041771438
363,0.8441286458484122
364,0.7799216460106041
365,0.6875920546211383
366,0.6745566741575316
367,0.615218516803224
368,0.6958970369316053
369,0.7400424270432288
370,0.8513659721739536
371,0.839064679102926
372,0.8918569714200667
373,0.8704485346702749
374,0.8195813285746131
375,0.7271883153678408
376,0.669109108455273
377,0.7194676345469821
378,0.8586783601284359
379,0.85307974962929
380,0.8630151719189741
381,0.8986766381336325
382,0.89412325919747
383,0.8522223407581684
384,0.8445523082573446
385,0.8411701900115393
386,0.8257393340479131
387,0.7605949982508835
388,0.7613418273786257
389,0.8074314530854305
390,0.8253270606490937
391,0.7947116285565737
392,0.7907866966502819
393,0.802234423216855
394,0.7726523348712109
395,0.7841682624507202
396,0.8630151719189741
397,0.8348727436408132
398,0.8552278321568179
399,0.8336201057098197
400,0.908792517255316
401,0.8647572909844011
402,0.8488030943209165
403,0.7978686306669108
404,0.8082346184869719
405,0.8411701900115393
406,0.7546524457564368
407,0.8630151719189741
408,0.8290465138935718
409,0.793138820550397
410,0.8010408813954314
411,0.8797377315062226
412,0.8327862769125848
413,0.729311561974295
414,0.6303857073530064
415,0.5837984731790619
416,0.5999465576426418
417,0.815100801676596
418,0.7643381062047827
419,0.8357091007107653
420,0.8273909233915608
421,0.7868853086209222
422,0.7364441226408514
423,0.7261295334412106
424,0.6935592455248368
425,0.7707530948078528
426,0.7677261321069716
427,0.8195813285746131
428,0.8573824468351618
429,0.7833940611089959
430,0.7087584730117416
431,0.744388834165514
432,0.8578141555434992
433,0.8441286458484122
434,0.8488030943209165
435,0.8336201057098197
436,0.8386443418974284
437,0.8187644712434542
438,0.7849433950158213
439,0.7841682624507202
440,0.7853313108921111
441,0.7734136274992223
442,0.8159132302804252
443,0.8224481164292557
444,0.7982643264427848
445,0.7271883153678408
446,0.7149526720382833
447,0.7414877713274861
448,0.8415920583566064
449,0.815100801676596
450,0.8179486003596704
451,0.7546524457564368
452,0.7594764301958661
453,0.6078055038886695
454,0.5453820960903779
455,0.659001628432912
456,0.6869329456450246
457,0.595788648443836
458,0.7036469514873311
459,0.6399509041543574
460,0.7056861039638891
461,0.643280528940547
462,0.5653402288980989
463,0.5466186547574653
464,0.5394955852786699
465,0.6049840546755392
466,0.5523526427267953
467,0.5721093535165174
468,0.5197482498612123
469,0.6230363599717076
470,0.5668933547246647
471,0.4663834525878187
472,0.3721948510578995
473,0.39265147391577315
474,0.30070546235032575
475,0.6192568556898441
476,0.6678352383937792
477,0.6555708799306675
478,0.678435021402776
479,0.5718471241269177
480,0.5334490080489146
481,0.5399830497909414
482,0.7760853585875528
483,0.6945599701065203
484,0.763962785595722
485,0.7837810454538758
486,0.7703739298496443
487,0.7749389564233079
488,0.7462090489381468
489,0.7029688446307162
490,0.6820143791765941
491,0.7602219189616636
492,0.6716658709819734
493,0.576590458255305
494,0.48103527117066586
495,0.6816880216584189
496,0.6794089061462888
497,0.763962785595722
498,0.7067084046905002
499,0.6192568556898441
500,0.5963409490677426
501,0.5689725487821984
502,0.5112410718472526
503,0.6843042865556389
504,0.6506201015365208
505,0.6024587259845344
506,0.510559089397767
507,0.40218146072636046
508,0.30783726246447174
509,0.4989201064806074
510,0.45581859734848984
511,0.54562912487832
512,0.5787144650758977
513,0.5397392479219517
514,0.540226990974783
515,0.608371764119844
516,0.5139806227349867
517,0.5255983481913175
518,0.5837984731790619
519,0.6561930042456826
520,0.5399830497909414
521,0.6052654624525112
522,0.6250833782794456
523,0.6192568556898441
524,0.5894829760564977
525,0.5561331280349906
526,0.5126085186311873
527,0.654018762739885
528,0.6172335693650843
529,0.5571467636943938
530,0.4649701460526004
531,0.47580964696511063
532,0.4501683112969056
533,0.7194676345469821
534,0.5750038739510454
535,0.5604572011684062
536,0.6596277872311991
537,0.6555708799306675
538,0.6435842872907616
539,0.6634002434627592
540,0.5781825437465716
541,0.5637924541242727
542,0.5446418571138022
543,0.5336892188438181
544,0.5905735904802996
545,0.5955127381415769
546,0.5098782646243539
547,0.7111594643550089
548,0.7191190896449541
549,0.7368029879322234
550,0.7317982931432246
551,0.6537088858251345
552,0.5576544548434352
553,0.6366426538907614
554,0.6707056725216912
555,0.6509281647940948
556,0.7094434528305741
557,0.7125359461459292
558,0.5752679235429972
559,0.5996682368725981
560,0.5370665966916253
561,0.7187707519229438
562,0.6794089061462888
563,0.8240917352535859
564,0.8212180078189002
565,0.8070302335794983
566,0.7517024347140971
567,0.7425740464217705
568,0.6568158599536257
569,0.8378044311080913
570,0.7772338271286402
571,0.8850994381296229
572,0.8315374250991404
573,0.8458248380299385
574,0.8286322405781708
575,0.8286322405781708
576,0.8090387534783245
577,0.8175410344268259
578,0.7974731731501162
579,0.7684815120734135
580,0.729666174677349
581,0.7647136517601244
582,0.7128805777893882
583,0.6787594580902183
584,0.5846063249753479
585,0.7576166086582661
586,0.7757029951375622
587,0.7711324872504554
588,0.7250726407920884
589,0.728248990300197
590,0.6444966309974873
591,0.5563863188535265
592,0.5747399765803145
593,0.8159132302804252
594,0.7026300926031986
595,0.7325106949245018
596,0.6602546826846059
597,0.6103588684402736
598,0.659001628432912
599,0.6414617110359792
600,0.7432993114186269
601,0.7250726407920884
602,0.6856170627712095
603,0.7194676345469821
604,0.6411591956734459
605,0.7498658312213633
606,0.7579881277960095
607,0.7180746974751379
608,0.7219132613441845
609,0.7243690934537161
610,0.6703859833661603
611,0.6723069470150438
612,0.6681534246333035
613,0.676492416170215
614,0.6460207729894896
615,0.5421835464976322
616,0.5211447024738788
617,0.506941347743969
618,0.6774628592018067
619,0.6297938034116163
620,0.527488013530068
621,0.39737898431683427
622,0.31787058916623073
623,0.35354695221982796
624,0.30609092637292346
625,0.6912311188574648
626,0.6823409294692729
627,0.6771391873388309
628,0.7264822506464153
629,0.6555708799306675
630,0.6297938034116163
631,0.6515448339311121
632,0.779152544450009
633,0.7741758342805052
634,0.7994528449032194
635,0.7826207897602422
636,0.718422621244968
637,0.7389606807433999
638,0.6478556503849306
639,0.5689725487821984
640,0.4497819788627611
641,0.8002463847344543
642,0.7998494952942987
643,0.8492295928964646
644,0.8002463847344543
645,0.7557623444134446
646,0.7198163867651062
647,0.753175675913486
648,0.7772338271286402
649,0.7484004955470861
650,0.8014384889332465
651,0.6781107761088908
652,0.5533575945338989
653,0.40402298153441774
654,0.2876349484091891
655,0.276235238454042
656,0.2147110682211302
657,0.7749389564233079
658,0.7814626237866561
659,0.7954994539378228
660,0.7741758342805052
661,0.7491327254892404
662,0.729311561974295
663,0.7911781277961343
664,0.7966829722632047
665,0.8539382001724197
666,0.8286322405781708
667,0.7539136191729504
668,0.8784034194574885
669,0.8591108563544907
670,0.85307974962929
671,0.752070414712037
672,0.710472448452816
673,0.6007824895522129
674,0.5082941631624818
675,0.35666227808227097
676,0.2646869926627018
677,0.2578751958028136
678,0.2405027591858475
679,0.7465737447099953
680,0.7810770321286288
681,0.7368029879322234
682,0.7393210477064479
683,0.6283170653996425
684,0.5365824607991418
685,0.5087461232857129
686,0.48145649357670817
687,0.7289571604362395
688,0.6892432405621193
689,0.8257393340479131
690,0.8599766375483096
691,0.8146949551724185
692,0.8399061179817363
693,0.7841682624507202
694,0.8651934831611398
695,0.8505106424934921
696,0.8249150364939858
697,0.8357091007107653
698,0.788053262178405
699,0.8042284617230431
700,0.8634503045918814
701,0.8002463847344543
702,0.7845557122533814
703,0.7911781277961343
704,0.7830073092623308
705,0.6790840862963253
706,0.7841682624507202
707,0.7425740464217705
708,0.7550221906587387
709,0.7579881277960095
710,0.6771391873388309
711,0.6066749563645031
712,0.38169686512590845
713,0.27795595694276615
714,0.22092427211889992
715,0.17766990337876815
716,0.1442719174419819
717,0.24875933282578513
718,0.745116267830256
719,0.6952281077471364
720,0.8257393340479131
721,0.7861078426030531
722,0.7484004955470861
723,0.7212134715234404
724,0.7163381774986688
725,0.6500045170547128
726,0.7084162878810422
727,0.7364441226408514
728,0.8082346184869719
729,0.8261518568559183
730,0.8146949551724185
731,0.7806916720485905
732,0.7662180864152285
733,0.8340373988876528
734,0.7737946165452292
735,0.8678162140747675
736,0.7814626237866561
737,0.7310867399180758
738,0.6995903427181548
739,0.6078055038886695
740,0.6602546826846059
741,0.7795369797469839
742,0.703986306579923
743,0.7745572808561355
744,0.7261295334412106
745,0.7046656207531032
746,0.5619934525477462
747,0.5862262377207619
748,0.5000244388671523
749,0.4854817758929171
750,0.4470896144672369
751,0.6605684069572628
752,0.5941355825968492
753,0.7357270337990006
754,0.7261295334412106
755,0.7208638886782558
756,0.6813618567887724
757,0.6787594580902183
758,0.6002250399429426
759,0.7524386148145066
760,0.6839765769655287
761,0.8273909233915608
762,0.8191727765213104
763,0.7465737447099953
764,0.8122650150861503
765,0.7159914923293339
766,0.7896138152172748
767,0.753175675913486
768,0.7111594643550089
769,0.6892432405621193
770,0.7050055800977358
771,0.6097902987360188
772,0.7094434528305741
773,0.7073909500059936
774,0.7628381719631077
775,0.7332239463785549
776,0.6774628592018067
777,0.6215793131189219
778,0.6375427928919585
779,0.7432993114186269
780,0.7517024347140971
781,0.6781107761088908
782,0.6892432405621193
783,0.6253764925943165
784,0.5991120795058112
785,0.6752011605745273
786,0.6360434383613596
787,0.6411591956734459
788,0.7425740464217705
789,0.7121915191149125
790,0.6384445134805335
791,0.6333556258615706
792,0.627433090233466
793,0.6982445374737009
794,0.6965667586971974
795,0.6643475256012661
796,0.6160811049366859
797,0.6175221052893036
798,0.5091985953184793
799,0.4932275084119873
800,0.47353345160627147
801,0.5771205411258374
802,0.5258340862045954
803,0.5739491968159282
804,0.5566396550073761
805,0.554112822379716
806,0.5260699583760992
807,0.5409596513077778
808,0.5293863034785465
809,0.5060420184337379
810,0.42664493067597936
811,0.36271185196570066
812,0.32442964337430924
813,0.32695217006714505
814,0.4645673567946245
815,0.4324650996467615
816,0.5394955852786699
817,0.49235910304517544
818,0.49936146553952865
819,0.5827235138831104
820,0.5599462930727124
821,0.510559089397767
822,0.45230081984067605
823,0.42556500518748164
824,0.4528846763627844
825,0.4250263758078759
826,0.41115659979949865
827,0.3653462540511355
828,0.36402589078176045
829,0.3215610476626444
830,0.43652638254548526
831,0.5561331280349906
832,0.4575907271312187
833,0.4540553115579429
834,0.3813853800636789
835,0.295669318427672
836,0.2845677987661886
837,0.2429304531122028
838,0.45542599352838026
839,0.5232483279530746
840,0.5346514330680692
841,0.46296068420140113
842,0.4727092116923128
843,0.5279617757382076
844,0.5483557927305196
845,0.5414487897410896
846,0.5098782646243539
847,0.45996741101276195
848,0.4211034136959957
849,0.3463262536903624
850,0.4151329400318873
851,0.2865722150941359
852,0.5586715875222872
853,0.6345484628790402
854,0.5993900775284255
855,0.560968696609226
856,0.5382793573321056
857,0.46276035346204064
858,0.42145809331611145
859,0.47935509834481504
860,0.5151276133588035
861,0.5571467636943938
862,0.554112822379716
863,0.5821869651892461
864,0.5114686569741369
865,0.5622500098042046
866,0.5358572922825692
867,0.6611964091957836
868,0.6218703826935077
869,0.5360988771961793
870,0.6755236889418443
871,0.6041408114511368
872,0.6611964091957836
873,0.6807101044915917
874,0.6879219014397605
875,0.6599411428159763
876,0.5905735904802996
877,0.632462826970835
878,0.7407646678720127
879,0.6948939400486195
880,0.7289571604362395
881,0.7229645084523781
882,0.7350107996741363
883,0.6561930042456826
884,0.7368029879322234
885,0.6120685516284231
886,0.6862746153677167
887,0.7647136517601244
888,0.7139157017377995
889,0.5913932101641026
890,0.5848759203613975
891,0.5859558618560671
892,0.5531061404827686
893,0.6204167304981845
894,0.581115725712799
895,0.4542507970157224
896,0.335466063247678
897,0.2715536883873907
898,0.2605517805191689
899,0.19557166664288536
900,0.5966173395962294
901,0.6044217292805021
902,0.7462090489381468
903,0.8130740173505878
904,0.7718919551899133
905,0.7628381719631077
906,0.7108158544327196
907,0.6836490609076199
908,0.7264822506464153
909,0.7429365706651775
910,0.7458445709631424
911,0.7484004955470861
912,0.8513659721739536
913,0.8365464714433095
914,0.7737946165452292
915,0.623912629947699
916,0.6484687122278807
917,0.6723069470150438
918,0.8449762276432855
919,0.8735317469089852
920,0.8424365625689417
921,0.8432820912785742
922,0.7491327254892404
923,0.6448011021715184
924,0.5875804650340192
925,0.6103588684402736
926,0.8761849771317871
927,0.8730904833573525
928,0.9005057892146119
929,0.9078672609228301
930,0.8757420987080502
931,0.8923096759453784
932,0.8500833668104636
933,0.8522223407581684
934,0.8643213639482681
935,0.8634503045918814
936,0.8373848571861443
937,0.7550221906587387
938,0.6975728297077719
939,0.6192568556898441
940,0.6716658709819734
941,0.8399061179817363
942,0.802234423216855
943,0.8327862769125848
944,0.7845557122533814
945,0.707049576110027
946,0.5263059647915097
947,0.456211637907763
948,0.5390086773129599
949,0.7760853585875528
950,0.7542829219764062
951,0.7772338271286402
952,0.7795369797469839
953,0.8163198127053948
954,0.7764679516348995
955,0.7342954191425887
956,0.663084854132168
957,0.7342954191425887
958,0.6905677087777874
959,0.6615106874024147
960,0.5960647187180967
961,0.5832606829462198
962,0.6826676726625196
963,0.5859558618560671
964,0.7166850687627992
965,0.5734227696178265
966,0.5536091928053805
967,0.5365824607991418
968,0.476225008633849
969,0.4102987678900719
970,0.5426740847854312
971,0.6420672735465432
972,0.4667882694079976
973,0.3856188789429876
974,0.33389611737056474
975,0.3501896170002242
976,0.3215610476626444
977,0.2939064123879238
978,0.5073917760413267
979,0.5441490697146095
980,0.4299061613114674
981,0.4167025600271925
982,0.34360148913443833
983,0.31641042095424476
984,0.31592571319037144
985,0.4651717092370138
986,0.4737397999338844
987,0.4573933855227233
988,0.4026826014788065
989,0.3809187808147362
990,0.4532744547295932
991,0.5404710715626824
992,0.5763256460850973
993,0.5329689971592734
994,0.5038025741622087
995,0.49475193360416186
996,0.4050321027249969
997,0.6080885517098019
998,0.6761693166153177
999,0.6602546826846059
1000,0.7250726407920884
1001,0.7994528449032194
1002,0.7414877713274861
1003,0.7187707519229438
1004,0.7923538354194971
1005,0.7012770907618866
1006,0.6221616220558897
1007,0.7696162817859716
1008,0.6833217382554106
1009,0.6908993157130612
1010,0.671025550094129
1011,0.6277275765796361
1012,0.5508495286966938
1013,0.5022424768148125
1014,0.440261481751339
1015,0.4084197553694057
1016,0.648162091417273
1017,0.6723069470150438
1018,0.611497994028358
1019,0.5816510360652387
1020,0.4480487754996904
1021,0.38483024218866874
1022,0.3175046948287199
1023,0.3538286629324758
1024,0.3515833199575371
1025,0.5824551620400098
1026,0.6618251504946118
1027,0.6922277068303799
1028,0.7254247286518892
1029,0.7084162878810422
1030,0.6875920546211383
1031,0.6408568574191066
1032,0.6375427928919585
1033,0.8102467767595657
1034,0.7498658312213633
1035,0.8261518568559183
1036,0.8216277962079016
1037,0.8155068933250638
1038,0.802234423216855
1039,0.611497994028358
1040,0.9361236754444163
1041,0.8327862769125848
1042,0.8082346184869719
1043,0.729311561974295
1044,0.6794089061462888
1045,0.6247904349682242
1046,0.6781107761088908
1047,0.676492416170215
1048,0.7368029879322234
1049,0.7118472965621416
1050,0.6948939400486195
1051,0.7411261117004339
1052,0.7986602606355163
1053,0.7837810454538758
1054,0.7737946165452292
1055,0.7513346746756999
1056,0.7561327535577513
1057,0.7429365706651775
1058,0.7473037902182282
1059,0.7371620673249281
1060,0.6580637693647506
1061,0.6774628592018067
1062,0.5458762950483491
1063,0.49715964182409256
1064,0.5971706016039003
1065,0.5944106945873695
1066,0.5881232535747282
1067,0.7180746974751379
1068,0.6593146158101811
1069,0.7539136191729504
1070,0.7146068098967826
1071,0.6781107761088908
1072,0.6748788223544747
1073,0.6580637693647506
1074,0.7080743057585575
1075,0.707049576110027
1076,0.6577515169640423
1077,0.7002644422856841
1078,0.6378431905372357
1079,0.7264822506464153
1080,0.7142611531748748
1081,0.6140707406398019
1082,0.615218516803224
1083,0.5679317549602353
1084,0.5713231183999891
1085,0.5080683748634552
1086,0.7303760341339645
1087,0.6438882236730771
1088,0.75650338440813
1089,0.8018363361541295
1090,0.787663710182162
1091,0.8038291730655809
1092,0.7576166086582661
1093,0.8171337146155955
1094,0.8386443418974284
1095,0.7994528449032194
1096,0.8134788849013346
1097,0.7517024347140971
1098,0.648162091417273
1099,0.7396816297591946
1100,0.8445523082573446
1101,0.8257393340479131
1102,0.8612772838206657
1103,0.8656299406551244
1104,0.8070302335794983
1105,0.8042284617230431
1106,0.795105422668339
1107,0.6932260653149662
1108,0.8441286458484122
1109,0.8591108563544907
1110,0.9190453978225847
1111,0.8991335070495644
1112,0.8691311732654778
1113,0.8078329146677709
1114,0.8403272199938708
1115,0.8634503045918814
1116,0.826564629238704
1117,0.8669409068087949
1118,0.8134788849013346
1119,0.7002644422856841
1120,0.6005036838779567
1121,0.8134788849013346
1122,0.7346530027793662
1123,0.8010408813954314
1124,0.8513659721739536
1125,0.8236804578379192
1126,0.787663710182162
1127,0.8691311732654778
1128,0.8466744783770325
1129,0.7609683010073928
1130,0.89412325919747
1131,0.8522223407581684
1132,0.880183044381209
1133,0.8513659721739536
1134,0.7654654183036295
1135,0.7818484471757764
1136,0.7368029879322234
1137,0.8278044454933979
1138,0.761715577512121
1139,0.7310867399180758
1140,0.6348471083341147
1141,0.6945599701065203
1142,0.5911198454115545
1143,0.7935316675991648
1144,0.7923538354194971
1145,0.8030313175034902
1146,0.8216277962079016
1147,0.7923538354194971
1148,0.7494991688094282
1149,0.6286120680969196
1150,0.5808483023267514
1151,0.5197482498612123
1152,0.48847538344075986
1153,0.45055507258040256
1154,0.9097189058098327
1155,0.802234423216855
1156,0.8909523906235713
1157,0.8691311732654778
1158,0.8643213639482681
1159,0.8261518568559183
1160,0.8046279911773365
1161,0.7994528449032194
1162,0.8950317125003756
1163,0.8638857018762248
1164,0.892762656801196
1165,0.855658231824825
1166,0.7857194600364257
1167,0.7643381062047827
1168,0.6955624733315934
1169,0.6555708799306675
1170,0.6922277068303799
1171,0.8612772838206657
1172,0.8932159141720353
1173,0.8634503045918814
1174,0.8269776513619764
1175,0.8224481164292557
1176,0.8026327502803099
1177,0.8612772838206657
1178,0.7923538354194971
1179,0.6958970369316053
1180,0.5486045240980829
1181,0.45366466627963414
1182,0.4667882694079976
1183,0.40068293306766267
1184,0.8102467767595657
1185,0.788053262178405
1186,0.8261518568559183
1187,0.7191190896449541
1188,0.6204167304981845
1189,0.510332019285111
1190,0.5681917287764109
1191,0.4300882893010259
1192,0.7250726407920884
1193,0.8224481164292557
1194,0.7628381719631077
1195,0.6985806898750663
1196,0.5528548305594889
1197,0.38911427488789074
1198,0.5736859073508953
1199,0.7703739298496443
1200,0.7919616970247763
1201,0.8066292559896354
1202,0.7822345024491998
1203,0.7194676345469821
1204,0.7022915413340302
1205,0.6668818030667463
1206,0.7753208611333157
1207,0.7745572808561355
1208,0.8191727765213104
1209,0.7454803106416051
1210,0.7378808689780377
1211,0.75650338440813
1212,0.720514513694428
1213,0.6836490609076199
1214,0.6777867220835454
1215,0.7156450131195651
1216,0.654639062736729
1217,0.7222634685931337
1218,0.7509671344519624
1219,0.7159914923293339
1220,0.6441923382033433
1221,0.6204167304981845
1222,0.5365824607991418
1223,0.52301406004208
1224,0.603579465001003
1225,0.5779168132348186
1226,0.6615106874024147
1227,0.5974474732903511
1228,0.6221616220558897
1229,0.717726980477658
1230,0.6979085841280486
1231,0.7212134715234404
1232,0.6875920546211383
1233,0.7382405915205376
1234,0.6999272926475426
1235,0.6797339177653874
1236,0.4982590010497262
1237,0.49958233193766965
1238,0.4442280192281611
1239,0.3460524808944079
1240,0.3230534207835118
1241,0.2567788204988046
1242,0.20990482373913888
1243,0.15046602593363168
1244,0.1788054701439411
1245,0.3241788342265293
1246,0.36475864290043863
1247,0.2680415875185029
1248,0.2585177565647449
1249,0.18975746514930736
1250,0.1559085088889582
1251,0.14650850132948937
1252,0.11500342631623944
1253,0.3200779592201708
1254,0.32493204651136426
1255,0.26554402593530674
1256,0.25907029590557334
1257,0.28206329324020224
1258,0.322181737593453
1259,0.3552417095138392
1260,0.382008685787362
1261,0.31125203329343437
1262,0.2761344769922995
1263,0.25842582597314323
1264,0.24360621023720216
1265,0.4320983281300402
1266,0.4421445646188427
1267,0.47456634882853427
1268,0.554112822379716
1269,0.5851456716418817
1270,0.5421835464976322
1271,0.5336892188438181
1272,0.5042494508517937
1273,0.6209976828929167
1274,0.6224530313162201
1275,0.6905677087777874
1276,0.6327602526489572
1277,0.6375427928919585
1278,0.6454105801236755
1279,0.654639062736729
1280,0.6420672735465432
1281,0.648162091417273
1282,0.6333556258615706
1283,0.6414617110359792
1284,0.5982790523252629
1285,0.5301003947517631
1286,0.4921423071480476
1287,0.4649701460526004
1288,0.48335785488025956
1289,0.5291485440687645
1290,0.5551218162496616
1291,0.5960647187180967
1292,0.6100745009199432
1293,0.567412256028898
1294,0.49019662583366846
1295,0.4446081934892115
1296,0.35032865542076114
1297,0.31006875118024907
1298,0.22940575657346213
1299,0.21400482682210648
1300,0.21464029446206523
1301,0.215990711448479
1302,0.5453820960903779
1303,0.4906281481817435
1304,0.5795134993184277
1305,0.5579085190750555
1306,0.5424287455367044
1307,0.5279617757382076
1308,0.4910601564599514
1309,0.4749803176492123
1310,0.5116963710596303
1311,0.5051447211905008
1312,0.5643077857607522
1313,0.4850560369182596
1314,0.49606337802033934
1315,0.5155873209841929
1316,0.55134999253262
1317,0.4092724544192212
1318,0.5033562022691911
1319,0.4068907425302902
1320,0.3026384117983523
1321,0.1887540684678163
1322,0.3120839738075979
1323,0.3210656565312377
1324,0.305627509197537
1325,0.24259356009695324
1326,0.26554402593530674
1327,0.2164912894621867
1328,0.16584924631863204
1329,0.15297845756264616
1330,0.12210319030043786
1331,0.08992348947506308
1332,0.14313388663637377
1333,0.24259356009695324
1334,0.26392839942793234
1335,0.2944557755864335
1336,0.30104534785534526
1337,0.27948651131960217
1338,0.2717506648379575
1339,0.26630906312780134
1340,0.22586736591287107
1341,0.3291171163040249
1342,0.3041279693701875
1343,0.30458829943668986
1344,0.2683318565832767
1345,0.3120839738075979
1346,0.3302710737483062
1347,0.2943457908548888
1348,0.25870175418337843
1349,0.3258137766297898
1350,0.34130792919559977
1351,0.3385029073163673
1352,0.22995107204971788
1353,0.21169763500263933
1354,0.21692167394124257
1355,0.15341052031138822
1356,0.12119049453672415
1357,0.08443525247374893
1358,0.21400482682210648
1359,0.26092398966463526
1360,0.32455514599418367
1361,0.28870308688868396
1362,0.3758355678000436
1363,0.47914560615197094
1364,0.4534695063226625
1365,0.5174313759686455
1366,0.510332019285111
1367,0.6552600917478109
1368,0.6611964091957836
1369,0.729666174677349
1370,0.7215632623665337
1371,0.7822345024491998
1372,0.7935316675991648
1373,0.7624637496565654
1374,0.7300209986842551
1375,0.6700664825045806
1376,0.8018363361541295
1377,0.7760853585875528
1378,0.822858648590594
1379,0.8245032614172324
1380,0.7257770261556656
1381,0.7208638886782558
1382,0.5031332054209341
1383,0.5091985953184793
1384,0.815100801676596
1385,0.7822345024491998
1386,0.8479508730721869
1387,0.8386443418974284
1388,0.7935316675991648
1389,0.8142893536500474
1390,0.8643213639482681
1391,0.9060201388764746
1392,0.8552278321568179
1393,0.868254267188594
1394,0.8240917352535859
1395,0.8517940265166893
1396,0.9069431352999723
1397,0.8617113598080333
1398,0.9256422171000973
1399,0.880183044381209
1400,0.8735317469089852
1401,0.8179486003596704
1402,0.7635876897845796
1403,0.7837810454538758
1404,0.915301098762805
1405,0.9157681341263447
1406,0.8638857018762248
1407,0.7677261321069716
1408,0.6198364550562482
1409,0.47415284311834954
1410,0.5144390288094585
1411,0.4472812341259928
1412,0.8882452610172134
1413,0.9190453978225847
1414,0.9134358125707976
1415,0.889597587302291
1416,0.9162354553981504
1417,0.9332510595645861
1418,0.9754544222806022
1419,0.9303889944166263
1420,0.9308652743822488
1421,0.8415920583566064
1422,0.9181076033952594
1423,0.9195147258150985
1424,0.9346860460122778
1425,0.9404524748589436
1426,0.9303889944166263
1427,0.8691311732654778
1428,0.8432820912785742
1429,0.8386443418974284
1430,0.8483768544368187
1431,0.892762656801196
1432,0.8565198157140439
1433,0.9506465089177574
1434,0.9005057892146119
1435,0.9684310773510381
1436,0.9739443163974408
1437,0.9575159741015957
1438,0.960478181966539
1439,0.927537437700749
1440,0.9050982701441966
1441,0.9639479392457598
1442,0.962955054506602
1443,1.0
1444,0.9308652743822488
1445,0.9083297476558939
1446,0.8797377315062226
1447,0.8535088446052099
1448,0.8042284617230431
1449,0.961963390999472
1450,0.9014220420387072
1451,0.8868954068144855
1452,0.8833078437818563
1453,0.8543678165043611
1454,0.8634503045918814
1455,0.7605949982508835
1456,0.7121915191149125
1457,0.8399061179817363
1458,0.898220048143234
1459,0.8717683030954274
1460,0.9399703156472322
1461,0.9511352269433537
1462,0.9565309981549918
1463,0.9419007294967353
1464,0.9540738512316337
1465,0.9438358894362281
1466,0.9171709564317332
1467,0.8678162140747675
1468,0.8708881897943135
1469,0.765089422410216
1470,0.7643381062047827
1471,0.9037175781729826
1472,0.875299489878356
1473,0.9101825251435539
1474,0.8595436154361042
1475,0.8094411849719418
1476,0.7939247511787199
1477,0.7436622688246967
1478,0.7286029699244283
1479,0.6729487791800571
1480,0.8775152317655818
1481,0.8868954068144855
1482,0.9032579097313502
1483,0.8700091469928579
1484,0.8638857018762248
1485,0.892762656801196
1486,0.8744150802826335
1487,0.9232797138457269
1488,0.8282182178335435
1489,0.8118608800487322
1490,0.7317982931432246
1491,0.761715577512121
1492,0.6426735458734306
1493,0.8617113598080333
1494,0.8216277962079016
1495,0.8454004041771438
1496,0.847099685213979
1497,0.8026327502803099
1498,0.8315374250991404
1499,0.7760853585875528
1500,0.7662180864152285
1501,0.7469386584221626
1502,0.7760853585875528
1503,0.7063674356146994
1504,0.7741758342805052
1505,0.7350107996741363
1506,0.6659300502636776
1507,0.5110136155969008
1508,0.4243095823144544
1509,0.44881802046152636
1510,0.7484004955470861
1511,0.7411261117004339
1512,0.8449762276432855
1513,0.7730328669915071
1514,0.8183564125774129
1515,0.7986602606355163
1516,0.761715577512121
1517,0.7447524423859174
1518,0.7247207624385652
1519,0.710472448452816
1520,0.8034301250455075
1521,0.7553921568291073
1522,0.7219132613441845
1523,0.7278952214249841
1524,0.6268446331107654
1525,0.7212134715234404
1526,0.6866036832326783
1527,0.5944106945873695
1528,0.5776512360265863
1529,0.7307312811655231
1530,0.6687903595416476
1531,0.6912311188574648
1532,0.6965667586971974
1533,0.5829920208185048
1534,0.561737042694668
1535,0.5558800824585044
1536,0.48633469023792975
1537,0.653089677570358
1538,0.6823409294692729
1539,0.6478556503849306
1540,0.6160811049366859
1541,0.7073909500059936
1542,0.7084162878810422
1543,0.6643475256012661
1544,0.6571275623779509
1545,0.6742347158596286
1546,0.6132116607400663
1547,0.5183565474884638
1548,0.37370612368592865
1549,0.258978092097987
1550,0.20678580214896483
1551,0.16339641385741677
1552,0.6146442946043261
1553,0.6829946088824862
1554,0.5721093535165174
1555,0.6180996816806157
1556,0.5206786893425244
1557,0.47580964696511063
1558,0.5080683748634552
1559,0.6384445134805335
1560,0.6366426538907614
1561,0.6945599701065203
1562,0.6662471144541549
1563,0.6339516956364071
1564,0.6500045170547128
1565,0.6300896689318365
1566,0.6134978540444053
1567,0.588938614934099
1568,0.5094250235046326
1569,0.4348589922410339
1570,0.5755321254542237
1571,0.5142097607982705
1572,0.5991120795058112
1573,0.5679317549602353
1574,0.5188199215961106
1575,0.5808483023267514
1576,0.5692331219578309
1577,0.5399830497909414
1578,0.5239519313438326
1579,0.4760172696540542
1580,0.44862554927557413
1581,0.4031845605305437
1582,0.41863151325473713
1583,0.5049207137848745
1584,0.5308157074104587
1585,0.5277248272114833
1586,0.5640500458609264
1587,0.4175779170289956
1588,0.33837010614904317
1589,0.36461193603044323
1590,0.29611229882267803
1591,0.5687121255910408
1592,0.5996682368725981
1593,0.7350107996741363
1594,0.7194676345469821
1595,0.6982445374737009
1596,0.5946859660340384
1597,0.6599411428159763
1598,0.7286029699244283
1599,0.7360854713100116
1600,0.7219132613441845
1601,0.7236663830401139
1602,0.6697471698140826
1603,0.5579085190750555
1604,0.410641619750544
1605,0.4175779170289956
1606,0.7325106949245018
1607,0.733938048623589
1608,0.8483768544368187
1609,0.8850994381296229
1610,0.8586783601284359
1611,0.8950317125003756
1612,0.8273909233915608
1613,0.8179486003596704
1614,0.8269776513619764
1615,0.811053341355036
1616,0.8163198127053948
1617,0.8203991736626495
1618,0.8483768544368187
1619,0.8535088446052099
1620,0.8686925868596184
1621,0.8730904833573525
1622,0.8340373988876528
1623,0.7310867399180758
1624,0.733938048623589
1625,0.6889126127488745
1626,0.8850994381296229
1627,0.8432820912785742
1628,0.847525150055155
1629,0.8424365625689417
1630,0.8146949551724185
1631,0.8146949551724185
1632,0.8062285201556155
1633,0.8483768544368187
1634,0.811053341355036
1635,0.6995903427181548
1636,0.5980016985471853
1637,0.6097902987360188
1638,0.5476104525568699
1639,0.7546524457564368
1640,0.7432993114186269
1641,0.7888330693768142
1642,0.6807101044915917
1643,0.659001628432912
1644,0.7268351779092643
1645,0.642976948506666
1646,0.7208638886782558
1647,0.6303857073530064
1648,0.7491327254892404
1649,0.7368029879322234
1650,0.6333556258615706
1651,0.5655987110441016
1652,0.6797339177653874
1653,0.5924882534721593
1654,0.7077325265112048
1655,0.7087584730117416
1656,0.710472448452816
1657,0.6781107761088908
1658,0.6100745009199432
1659,0.6215793131189219
1660,0.5571467636943938
1661,0.6915631183394452
1662,0.7067084046905002
1663,0.7254247286518892
1664,0.68726240273205
1665,0.6463261378058934
1666,0.6794089061462888
1667,0.5996682368725981
1668,0.6558818507236189
1669,0.6303857073530064
1670,0.6061106673705845
1671,0.5270147903588609
1672,0.6475493890138785
1673,0.5431651842711789
1674,0.7159914923293339
1675,0.6411591956734459
1676,0.5363406000056253
1677,0.3991917155208357
1678,0.32682541775432405
1679,0.2693999030533973
1680,0.25659672207135265
1681,0.3365181987987473
1682,0.23222985732126009
1683,0.6381437640286486
1684,0.6010614570703122
1685,0.6932260653149662
1686,0.581115725712799
1687,0.5385223251818764
1688,0.41184455319461966
1689,0.3369138903165525
1690,0.37084161203602956
1691,0.4421445646188427
1692,0.5000244388671523
1693,0.4820892140128041
1694,0.5329689971592734
1695,0.4700431288346523
1696,0.4300882893010259
1697,0.34509654976448684
1698,0.2664049072683827
1699,0.26487711299015276
1700,0.43136599600943026
1701,0.515817370423735
1702,0.4932275084119873
1703,0.47518747590894495
1704,0.4421445646188427
1705,0.33389611737056474
1706,0.3037833421400788
1707,0.2510397575939934
1708,0.19202855401821362
1709,0.5387654318125477
1710,0.5461236066910848
1711,0.5803139186372687
1712,0.5768554232360655
1713,0.5146684268513583
1714,0.5360988771961793
1715,0.4702475250271782
1716,0.4678022907940178
1717,0.5051447211905008
1718,0.5035793251562347
1719,0.4645673567946245
1720,0.4097851911943389
1721,0.37705959661037725
1722,0.2927027307524128
1723,0.18171913953875662
1724,0.16517051257698384
1725,0.5232483279530746
1726,0.4865482185158188
1727,0.39754333127380564
1728,0.3528439813752947
1729,0.25442549529766706
1730,0.1825003833895374
1731,0.13078240560046708
1732,0.13727564312520535
1733,0.1001071954331938
1734,0.08620951224561776
1735,0.10092013558412728
1736,0.31411697644098596
1737,0.3013857564502691
1738,0.3425196070360976
1739,0.2839388202463669
1740,0.23566781775270482
1741,0.2026861641056299
1742,0.14387795364360334
1743,0.1918478270911728
1744,0.2243530231520245
1745,0.3020681466629114
1746,0.168158306626102
1747,0.17416909012365692
1748,0.15109887943058625
1749,0.16160365056496492
1750,0.15319426080034595
1751,0.21456955400173122
1752,0.19606778691476415
1753,0.23655881053631386
1754,0.19781861135344356
1755,0.19220952801537966
1756,0.14727923079000707
1757,0.22427768437681267
1758,0.3215610476626444
1759,0.33520371887082884
1760,0.4710662530430747
1761,0.41305209379238805
1762,0.4082494943754256
1763,0.3867265504160908
1764,0.35637756040150803
1765,0.31774856111553834
1766,0.2273194441718561
1767,0.18283670535968152
1768,0.20016703408587028
1769,0.17380375112329663
1770,0.37705959661037725
1771,0.3727983882154933
1772,0.4729150988069782
1773,0.4867618668222936
1774,0.5277248272114833
1775,0.4919256332738483
1776,0.4980388810989012
1777,0.4756021404935494
1778,0.5002456795569915
1779,0.48761766185594585
1780,0.4921423071480476
1781,0.49366244524815867
1782,0.4921423071480476
1783,0.37446480402291193
1784,0.3335051719945313
1785,0.3113706978517344
1786,0.26345580823586134
1787,0.2286299015794577
1788,0.13694672070239336
1789,0.23778146106320566
1790,0.23778146106320566
1791,0.21024790280564387
1792,0.16030131194632008
1793,0.1377896924205511
1794,0.13618388066158957
1795,0.27734696391051594
1796,0.2740301334182578
1797,0.31897169570467787
1798,0.30818815142190503
1799,0.3086568479662973
1800,0.259809571249657
1801,0.27754975735506626
1802,0.21281180985207193
1803,0.3315596358443539
1804,0.3401019805944876
1805,0.3699430690422271
1806,0.3528439813752947
1807,0.2812351841435465
1808,0.22195988023170118
1809,0.17323192132097992
1810,0.13344144960780338
1811,0.11083035737914351
1812,0.3437370455372559
1813,0.40402298153441774
1814,0.4120167764557769
1815,0.3793688788926334
1816,0.3470119524152054
1817,0.3718935672327084
1818,0.3230534207835118
1819,0.4478567306119835
1820,0.49084409154106523
1821,0.484630775934202
1822,0.5004670451693168
1823,0.49235910304517544
1824,0.46537338488619984
1825,0.4315489278331733
1826,0.4097851911943389
1827,0.5747399765803145
1828,0.5653402288980989
1829,0.61665700151481
1830,0.625963234679046
1831,0.634249992017602
1832,0.5267783806970638
1833,0.484205992335797
1834,0.4363407078946633
1835,0.45210641700239834
1836,0.47935509834481504
1837,0.41150038868401256
1838,0.6985806898750663
1839,0.6568158599536257
1840,0.6803845168125421
1841,0.7229645084523781
1842,0.6866036832326783
1843,0.6979085841280486
1844,0.6879219014397605
1845,0.6852885777855159
1846,0.6204167304981845
1847,0.6829946088824862
1848,0.6242050609131499
1849,0.6771391873388309
1850,0.676815706369858
1851,0.7772338271286402
1852,0.7465737447099953
1853,0.6928930822152409
1854,0.6875920546211383
1855,0.6192568556898441
1856,0.7386005287285607
1857,0.6375427928919585
1858,0.6117831898383933
1859,0.46476869526208087
1860,0.3464632485774898
1861,0.24513632852368408
1862,0.2750294351920522
1863,0.6315715922943599
1864,0.5859558618560671
1865,0.6781107761088908
1866,0.6100745009199432
1867,0.608371764119844
1868,0.5589262359014102
1869,0.5827235138831104
1870,0.603579465001003
1871,0.5883948834533326
1872,0.6938926229739274
1873,0.6593146158101811
1874,0.7201653464354987
1875,0.642976948506666
1876,0.6472433071872219
1877,0.6134978540444053
1878,0.6583762053299991
1879,0.7022915413340302
1880,0.7163381774986688
1881,0.6444966309974873
1882,0.5938606299595193
1883,0.6885821803759359
1884,0.6192568556898441
1885,0.5589262359014102
1886,0.4568020188355912
1887,0.41426426164843
1888,0.3660825348555251
1889,0.43045284612155454
1890,0.5508495286966938
1891,0.5040259493673107
1892,0.629202590625207
1893,0.6038600567264597
1894,0.612925633954082
1895,0.5736859073508953
1896,0.5421835464976322
1897,0.4871895238252762
1898,0.6236203695427014
1899,0.5991120795058112
1900,0.6366426538907614
1901,0.5584170853207361
1902,0.49562573701865603
1903,0.4344895836370118
1904,0.439136617203071
1905,0.49914072374687907
1906,0.4446081934892115
1907,0.5451352085939644
1908,0.5126085186311873
1909,0.4743595381211969
1910,0.416353087377378
1911,0.4818781888573814
1912,0.4532744547295932
1913,0.38863518110673445
1914,0.2983408319402807
1915,0.35326554018924566
1916,0.501131892335317
1917,0.5020201089602446
1918,0.5013537584319641
1919,0.5000244388671523
1920,0.4125340109647314
1921,0.3077204199433524
1922,0.34305997774717933
1923,0.2612969374466947
1924,0.49958233193766965
1925,0.5653402288980989
1926,0.4729150988069782
1927,0.4859079934639431
1928,0.49518858908840485
1929,0.3832593327125622
1930,0.411328447317688
1931,0.38767931974283615
1932,0.34171118367911685
1933,0.3133974044645581
1934,0.25130475988374584
1935,0.34157669471511737
1936,0.27765123061949415
1937,0.29096391481089906
1938,0.3367819238716402
1939,0.2983408319402807
1940,0.2514816450451097
1941,0.1981336342256352
1942,0.16550936394819002
1943,0.12657053424987103
1944,0.14748306935381614
1945,0.3538286629324758
1946,0.4023484168156652
1947,0.419159611068254
1948,0.3813853800636789
1949,0.35214287160719165
1950,0.30818815142190503
1951,0.30127222873967563
1952,0.3514436172465127
1953,0.4339362338900855
1954,0.3293730822702082
1955,0.3021820826816662
1956,0.28425307084253376
1957,0.3021820826816662
1958,0.34077124658702174
1959,0.31125203329343437
1960,0.275330205066679
1961,0.2943457908548888
1962,0.28710290810775335
1963,0.23664004495211563
1964,0.2841482676492756
1965,0.2845677987661886
1966,0.24033658946152459
1967,0.20997337538428434
1968,0.23582946450720557
1969,0.18910732586608725
1970,0.30014014638930014
1971,0.2815453331979313
1972,0.29991442515623035
1973,0.3021820826816662
1974,0.3116082109076397
1975,0.335728683094494
1976,0.29611229882267803
1977,0.32720587324672296
1978,0.3263190694174573
1979,0.30912651189207013
1980,0.3246807140306548
1981,0.2865722150941359
1982,0.29991442515623035
1983,0.27673980608724774
1984,0.2528138379098216
1985,0.23112579073534323
1986,0.2290173643876991
1987,0.23049822163701292
1988,0.285937156284809
1989,0.3479749794465202
1990,0.31628914980739103
1991,0.31303845502777855
1992,0.34130792919559977
1993,0.30447312819693617
1994,0.29096391481089906
1995,0.33717803123348306
1996,0.36039129091009986
1997,0.3593822467690273
1998,0.39459867902107193
1999,0.40402298153441774
2000,0.3849877994479697
2001,0.38577686169373265
2002,0.4355990327982732
2003,0.42252446931232446
2004,0.3867265504160908
2005,0.34482407475254273
2006,0.293030338734181
2007,0.2768408718880635
2008,0.22195988023170118
2009,0.24276192463353669
2010,0.22601959641674133
2011,0.3234279726828204
2012,0.3173828565164932
2013,0.3445518871731292
2014,0.35651988142472635
2015,0.3270789885512835
2016,0.3456423634863294
2017,0.3859349297004114
2018,0.3474242420330443
2019,0.372647382613546
2020,0.37905989768567794
2021,0.36949487846047946
2022,0.36475864290043863
2023,0.3785970484404153
2024,0.4082494943754256
2025,0.3845153824403496
2026,0.39754333127380564
2027,0.41426426164843
2028,0.4048636869031303
2029,0.3660825348555251
2030,0.31351717808632235
2031,0.274129838125269
2032,0.2277037668637288
2033,0.2940161730024577
2034,0.17422137361662607
2035,0.4079092507417906
2036,0.42646469576382856
2037,0.3990264741550572
2038,0.34130792919559977
2039,0.2462497991285539
2040,0.1917274795325133
2041,0.12692705302035856
2042,0.08619182805003091
2043,0.1077149333257724
2044,0.4063827358432311
2045,0.3809187808147362
2046,0.3787512485816142
2047,0.3680060940712231
2048,0.3492184059352363
2049,0.28020473803738066
2050,0.3025242416930086
2051,0.25705230547257985
2052,0.26910803563845975
2053,0.2503349893479478
2054,0.38169686512590845
2055,0.3990264741550572
2056,0.39200521181180004
2057,0.41687743983661507
2058,0.3815410806707405
2059,0.3106596287285977
2060,0.2596244778930078
2061,0.19940099558889626
2062,0.43136599600943026
2063,0.4072298752792601
2064,0.4519121220522432
2065,0.48145649357670817
2066,0.4300882893010259
2067,0.3977077674225462
2068,0.3977077674225462
2069,0.4031845605305437
2070,0.3688984089889053
2071,0.3344183352248829
2072,0.3467374555503017
2073,0.3210656565312377
2074,0.32682541775432405
2075,0.3047035298841717
2076,0.29379670771935334
2077,0.27714437437786754
2078,0.22352626690168703
2079,0.18993533958546288
2080,0.24998364104893253
2081,0.28216704226958594
2082,0.26630906312780134
2083,0.3279685740990902
2084,0.28988432056623037
2085,0.27694198851678614
2086,0.30458829943668986
2087,0.3070206271736009
2088,0.32442964337430924
2089,0.3043580161295133
2090,0.2679449276738498
2091,0.23430010186351813
2092,0.1758536762862238
2093,0.14530387884100318
2094,0.1525911577373353
2095,0.2923756230011666
2096,0.35032865542076114
2097,0.31774856111553834
2098,0.35895094869002003
2099,0.36256623653881453
2100,0.39394820404588343
2101,0.4188074494451053
2102,0.4442280192281611
2103,0.4560150630013832
2104,0.4671935383623449
2105,0.42057212295248786
2106,0.4089310957522505
2107,0.39297513005764456
2108,0.4174026539183265
2109,0.4682086925822278
2110,0.4605640666331066
2111,0.4682086925822278
2112,0.44881802046152636
2113,0.44920328312641966
2114,0.4611617198735063
2115,0.44536980587761116
2116,0.42323733912181305
2117,0.41081318607420714
2118,0.40402298153441774
2119,0.4097851911943389
2120,0.46537338488619984
2121,0.4519121220522432
2122,0.45094226325242903
2123,0.3977077674225462
2124,0.4096141856887843
2125,0.3601026088220366
2126,0.38388668055928526
2127,0.3609695781836376
2128,0.3472867395254277
2129,0.2680415875185029
2130,0.23049822163701292
2131,0.19895609157885122
2132,0.18799196241649352
2133,0.3583769543091503
2134,0.3705417769745684
2135,0.4253853634370246
2136,0.4036873394058653
2137,0.42252446931232446
2138,0.3738576970393857
2139,0.36402589078176045
2140,0.4092724544192212
2141,0.4430900178435645
2142,0.4768489240537828
2143,0.4120167764557769
2144,0.407569377863184
2145,0.44044932199480147
2146,0.44120172197808694
2147,0.35538342712310583
2148,0.42252446931232446
2149,0.33194752134917405
2150,0.28372958461261455
2151,0.24788995232607772
2152,0.190351323100385
2153,0.14478651042131077
2154,0.1284347838851327
2155,0.2603659523964869
2156,0.3397012654877425
2157,0.2386837290051794
2158,0.22240582454806604
2159,0.18447508990485928
2160,0.15143803592246885
2161,0.15883196347092002
2162,0.13344144960780338
2163,0.23761792795071865
2164,0.23081170485087976
2165,0.2572348539826977
2166,0.2562330640064395
2167,0.22909496838972304
2168,0.19889265082880103
2169,0.3035538855143047
2170,0.3324656507186973
2171,0.2665967388513186
2172,0.2164912894621867
2173,0.18110873050608942
2174,0.16179098258720284
2175,0.13211897300673914
2176,0.38247704693373874
2177,0.4335678420892876
2178,0.45503382589833224
2179,0.47518747590894495
2180,0.4889049682171843
2181,0.398531287978158
2182,0.4243095823144544
2183,0.33389611737056474
2184,0.49409787234803815
2185,0.4581834110621764
2186,0.5551218162496616
2187,0.5671527307214291
2188,0.5486045240980829
2189,0.5206786893425244
2190,0.5135227361211869
2191,0.4352288084579487
2192,0.5443953929492475
2193,0.5584170853207361
2194,0.5571467636943938
2195,0.5192838221630995
2196,0.4556222408803758
2197,0.5463710598972089
2198,0.5146684268513583
2199,0.5448884622985839
2200,0.5148979550068332
2201,0.4216355790453451
2202,0.44594212313554354
2203,0.4749803176492123
2204,0.4912763430154977
2205,0.4625601343400691
2206,0.46336168081374735
2207,0.4052006102622745
2208,0.439136617203071
2209,0.5091985953184793
2210,0.41582959493235383
2211,0.4980388810989012
2212,0.4716815014856629
2213,0.3942732653448565
2214,0.3769063052667698
2215,0.3834160429161085
2216,0.3755303812025992
2217,0.44044932199480147
2218,0.4737397999338844
2219,0.43136599600943026
2220,0.41426426164843
2221,0.3298858177529229
2222,0.21634809850267028
2223,0.1390503402627381
2224,0.11318548680430683
2225,0.12013893881542477
2226,0.4041909396321291
2227,0.4625601343400691
2228,0.4611617198735063
2229,0.47935509834481504
2230,0.4603650706727135
2231,0.4193358366212495
2232,0.44536980587761116
2233,0.4910601564599514
2234,0.484630775934202
2235,0.5181250576472123
2236,0.5139806227349867
2237,0.45699903144391935
2238,0.3799878392528896
2239,0.33837010614904317
2240,0.33065693471923896
2241,0.44824092686159983
2242,0.4605640666331066
2243,0.4641650165458203
2244,0.40402298153441774
2245,0.42234649617349457
2246,0.40335206232211285
2247,0.4082494943754256
2248,0.41081318607420714
2249,0.39007479584433463
2250,0.4262845598663395
2251,0.37476884635729024
2252,0.3020681466629114
2253,0.2495454235736288
2254,0.4438482655516199
2255,0.390395662440476
2256,0.4089310957522505
2257,0.3453693125589369
2258,0.30081869945537926
2259,0.3118459694613305
2260,0.28268657422503024
2261,0.2715536883873907
2262,0.3053961579165107
2263,0.2715536883873907
2264,0.29744668379314915
2265,0.32243046599180314
2266,0.36770929134712443
2267,0.3482507852037702
2268,0.29412598959624914
2269,0.23860150588089524
2270,0.16643431159083558
2271,0.12899895003848805
2272,0.11695300198847906
2273,0.28583150072965596
2274,0.27897504125368977
2275,0.3659351213830153
2276,0.31653175496798436
2277,0.33376573393189457
2278,0.32530953684493996
2279,0.35032865542076114
2280,0.3370459260898126
2281,0.3279685740990902
2282,0.32430420613156974
2283,0.3585203384311572
2284,0.3470119524152054
2285,0.2896690595089545
2286,0.26232636656262776
2287,0.28999203317239625
2288,0.281752360317648
2289,0.2851986899914481
2290,0.2546054514727676
2291,0.25086330607543117
2292,0.31532123931088657
2293,0.2897766626892437
2294,0.2920490145890707
2295,0.2850934083385673
2296,0.2566877488137004
2297,0.2728375682575592
2298,0.29281187778776463
2299,0.27704315600338963
2300,0.2635502325664186
2301,0.22048254197482972
2302,0.1918478270911728
2303,0.15851321868930515
2304,0.15938060944612611
2305,0.21960284229157342
2306,0.2546954960651315
2307,0.271849227035693
2308,0.25192461880796957
2309,0.24116905404560693
2310,0.19800753819328532
2311,0.24141958286896895
2312,0.18717622975345732
2313,0.2972237176589042
2314,0.31125203329343437
2315,0.2940161730024577
2316,0.28488300486578993
2317,0.29923864696024793
2318,0.31363701367481894
2319,0.342654592927106
2320,0.3425196070360976
2321,0.35354695221982796
2322,0.3231782064196075
2323,0.35666227808227097
2324,0.3250578110346556
2325,0.3254354982111418
2326,0.3738576970393857
2327,0.35923840424030584
2328,0.3915214324381273
2329,0.32733282419347365
2330,0.28784814266592545
2331,0.23382004955950716
2332,0.19863917959326877
2333,0.1485086600397072
2334,0.4216355790453451
2335,0.3905562259065663
2336,0.43894950199139016
2337,0.4137441932422415
2338,0.34198037423082095
2339,0.37234561408443295
2340,0.2687195586326389
2341,0.3955770386796024
2342,0.4495889732959023
2343,0.465979087331895
2344,0.533929566655522
2345,0.4789362313580163
2346,0.5518510302970813
2347,0.47830881062753605
2348,0.5731597835190705
2349,0.5883948834533326
2350,0.5232483279530746
2351,0.4897655888000029
2352,0.4156552882874435
2353,0.4099562900243802
2354,0.41600399695603596
2355,0.4468981009489796
2356,0.37476884635729024
2357,0.576590458255305
2358,0.5594359715680632
2359,0.6080885517098019
2360,0.6411591956734459
2361,0.592762410885427
2362,0.5375512855807136
2363,0.5255983481913175
2364,0.4686155485053913
2365,0.5255983481913175
2366,0.5153574019902456
2367,0.4568020188355912
2368,0.6700664825045806
2369,0.6524711959593489
2370,0.6646636581002766
2371,0.703307797548193
2372,0.6823409294692729
2373,0.6875920546211383
2374,0.6889126127488745
2375,0.6752011605745273
2376,0.6668818030667463
2377,0.6303857073530064
2378,0.5687121255910408
2379,0.5116963710596303
2380,0.5067163246272792
2381,0.5436568456741511
2382,0.5087461232857129
2383,0.5412041506436898
2384,0.5867674587451265
2385,0.554112822379716
2386,0.5248919382449156
2387,0.4837816855189184
2388,0.45230081984067605
2389,0.46537338488619984
2390,0.5246567360089087
2391,0.3734032207000496
2392,0.39346127185166924
2393,0.3787512485816142
2394,0.3541106726920522
2395,0.30900900509176354
2396,0.4227025401156101
2397,0.3150798877160918
2398,0.5181250576472123
2399,0.5919404147539491
2400,0.671345616206514
2401,0.9968918851067162
2402,0.5272513346078711
2403,0.48633469023792975
2404,0.5284360776722414
2405,0.3611143425887629
2406,0.5873093061693012
2407,0.47726545047050906
2408,0.18028117724621295
2409,0.1225943070761282
2410,0.12277926192285726
2411,0.13567890707602034
2412,0.14313388663637377
2413,0.09653159553688928
2414,0.12085847761212613
2415,0.07833097447450202
2416,0.08663568419502538
2417,0.19612992991018918
2418,0.5881232535747282
2419,0.38991449260707356
2420,0.547362290171401
2421,0.5277248272114833
2422,0.5004670451693168
2423,0.7396816297591946
2424,0.7050055800977358
2425,0.6972372740826269
2426,0.7561327535577513
2427,0.7757029951375622
2428,0.646631681699922
2429,0.6408568574191066
2430,0.6752011605745273
2431,0.5875804650340192
2432,0.6265506621112558
2433,0.61665700151481
2434,0.7707530948078528
2435,0.6256697780238276
2436,0.5521017646326973
2437,0.45917341878521717
2438,0.5407152916439046
2439,0.520213205363148
2440,0.6390465407234625
2441,0.46176037262068026
2442,0.4446081934892115
2443,0.5270147903588609
2444,0.2924846033921383
2445,0.46537338488619984
2446,0.4806145210412476
2447,0.5132939874053382
2448,0.22556334053048416
2449,0.41863151325473713
2450,0.4954071014587103
2451,0.4671935383623449
2452,0.5206786893425244
2453,0.41218909379881785
2454,0.39606741294578063
2455,0.4227025401156101
2456,0.6178108093581421
2457,0.5346514330680692
2458,0.5267783806970638
2459,0.4560150630013832
2460,0.46236002676518123
2461,0.5000244388671523
2462,0.40335206232211285
2463,0.3504677674714582
2464,0.29324902240217626
2465,0.6360434383613596
2466,0.3809187808147362
2467,0.46476869526208087
2468,0.47415284311834954
2469,0.3826333355642654
2470,0.467396342568141
2471,0.3986962604392556
2472,0.47726545047050906
2473,0.3887947927540854
2474,0.5096515799127139
2475,0.3680060940712231
2476,0.4146114480505031
2477,0.4302705175501595
2478,0.35326554018924566
2479,0.413917454630046
2480,0.38294616550925803
2481,0.42057212295248786
2482,0.3562353149664152
2483,0.35909463822956544
2484,0.522545923539003
2485,0.35880733557491445
2486,0.26678876168999455
2487,0.3802978192263898
2488,0.25165870401623963
2489,0.4331998561199758
2490,0.2857258986840819
2491,0.30585909858796617
2492,0.10728822656883011
2493,0.3942732653448565
2494,0.3365181987987473
2495,0.31459793365723104
2496,0.27096394051041833
2497,0.387997596071885
2498,0.4382020736642301
2499,0.2704738342771323
2500,0.3223060694375108
2501,0.4395111578353685
2502,0.3035538855143047
2503,0.3644653074315104
2504,0.3104230947236241
2505,0.28956151099290234
2506,0.40335206232211285
2507,0.2980050976124221
2508,0.28488300486578993
2509,0.38720254929043973
2510,0.3142371224220011
2511,0.38752031043956475
2512,0.339167961525335
2513,0.23254667235494253
2514,0.35595105067595567
2515,0.2493704370679454
2516,0.25971700166345707
2517,0.30947939607679176
2518,0.3479749794465202
2519,0.32950116563635357
2520,0.26373922203437633
2521,0.35637756040150803
2522,0.37598828401287404
2523,0.2733335987237965
2524,0.22337641222729784
2525,0.25451545122554076
2526,0.19675292933725633
2527,0.3596701615677128
2528,0.28227084371151845
2529,0.3583769543091503
2530,0.21225367709006526
2531,0.3063229928379074
2532,0.29161431191867554
2533,0.27694198851678614
2534,0.29711232004016075
2535,0.2505109221530201
2536,0.25130475988374584
2537,0.21742533218206625
2538,0.269887321809023
2539,0.21456955400173122
2540,0.31653175496798436
2541,0.2209980161192882
2542,0.27254054594806043
2543,0.2642125183601248
2544,0.27653782684953865
2545,0.2984528579269166
2546,0.21135116619322541
2547,0.3197086299911882
2548,0.2575090150644654
2549,0.2676552372747466
2550,0.23175577604066538
2551,0.29074755656547724
2552,0.3405033288112862
2553,0.16174411933095656
2554,0.27066972972114056
2555,0.17143078105061788
2556,0.3108964070560418
2557,0.24445461812726935
2558,0.3067878429518139
2559,0.28551485499492885
2560,0.24326800265320145
2561,0.20314314392721078
2562,0.17853413402910773
2563,0.2230771304005103
2564,0.21945671132431482
2565,0.18805042689040843
2566,0.1973787934529678
2567,0.20997337538428434
2568,0.21742533218206625
2569,0.21822016768839622
2570,0.2302635039008379
2571,0.1098109853626818
2572,0.17842576854860362
2573,0.2939064123879238
2574,0.2039299937101966
2575,0.21260226446721553
2576,0.22248027230679937
2577,0.3375747633079976
2578,0.32032449870281426
2579,0.3150798877160918
2580,0.16497734463950514
2581,0.2565057402455945
2582,0.2943457908548888
2583,0.10080660515450045
2584,0.20373287080482483
2585,0.19870250366987152
2586,0.22525989488041404
2587,0.2059163912540232
2588,0.5277248272114833
2589,0.4854817758929171
2590,0.38815686320380405
2591,0.5089722952726793
2592,0.42754759262282366
2593,0.4434689319322848
2594,0.3386357783186245
2595,0.3479749794465202
2596,0.3287336686635213
2597,0.24676609758458284
2598,0.35538342712310583
2599,0.2829989239629142
2600,0.3399683386036275
2601,0.3705417769745684
2602,0.2197491117529262
2603,0.23591034645024533
2604,0.26073779287013127
2605,0.19870250366987152
2606,0.2963341285812886
2607,0.22816616925819244
2608,0.20518483010559466
2609,0.21393438520661054
2610,0.23819098712862988
2611,0.28133851498612183
2612,0.2815453331979313
2613,0.21211447093517213
2614,0.15892320886326206
2615,0.3399683386036275
2616,0.17945914737830512
2617,0.18544549988957762
2618,0.276436913352794
2619,0.25971700166345707
2620,0.16658105539005644
2621,0.16594654547438747
2622,0.20698718359554405
2623,0.19041085732478374
2624,0.22995107204971788
2625,0.22144121578612044
2626,0.2571435571907168
2627,0.18504501980213742
2628,0.2785667916898488
2629,0.20969936101997189
2630,0.25705230547257985
2631,0.1809980693175382
2632,0.18498791133052755
2633,0.13288216474584083
2634,0.2092892989372829
2635,0.2479766990269078
2636,0.22233141216736427
2637,0.21778610889838532
