,x
0,0.5057093248025655
1,0.5098971894840278
2,0.41924484670393464
3,0.3543263588652391
4,0.3039125117033436
5,0.351017216564949
6,0.3556758778553593
7,0.5619536481811868
8,0.6136459278339933
9,0.6110663291955308
10,0.5920074268540972
11,0.5894042865186042
12,0.5922822811727738
13,0.6059476050867014
14,0.5654416925888137
15,0.5932455040203872
16,0.573422921162359
17,0.5327121452618848
18,0.5380381570572219
19,0.5558193403806712
20,0.5873593546625577
21,0.6236610097024226
22,0.5837007722703225
23,0.615228988662544
24,0.5343995129625418
25,0.4620179806039692
26,0.4779045156759037
27,0.41172938913030416
28,0.3601998695922633
29,0.6353787673172092
30,0.6801515763674248
31,0.6527742350687123
32,0.706388387210782
33,0.6780333659980818
34,0.7117151975138519
35,0.7351364310318921
36,0.679335871856097
37,0.7319119331365446
38,0.7966538180357557
39,0.7053630267444894
40,0.6953774104621354
41,0.7292380547721127
42,0.7567107282713051
43,0.80402538232056
44,0.8184040007117839
45,0.6582330900132549
46,0.6900342653926406
47,0.6295601562534077
48,0.6325357042490359
49,0.6423278982089636
50,0.6532399170541808
51,0.6435460306369716
52,0.6394462348849351
53,0.6187007776398302
54,0.6029864200431009
55,0.6149408209107483
56,0.6126410906883489
57,0.6292635485391581
58,0.5883125585047825
59,0.658076365503918
60,0.6260123666929119
61,0.59684039181389
62,0.567521537805531
63,0.5492687880782026
64,0.5539197218788172
65,0.6402030023306851
66,0.5816805540955583
67,0.6551068256597022
68,0.6816227425401368
69,0.638237670213855
70,0.6367310089375001
71,0.5960084167009341
72,0.4896060758911484
73,0.4693117423127813
74,0.4770675657606784
75,0.4533983276000324
76,0.46778004590907296
77,0.46828988322399173
78,0.6572933162656783
79,0.6506064058450408
80,0.6817864893339092
81,0.7320906206761993
82,0.7214635599276243
83,0.7381977372853521
84,0.7708257393426137
85,0.7537404718190727
86,0.7134440630824327
87,0.6331329336035445
88,0.7638225810394985
89,0.752630306760295
90,0.7391011201443948
91,0.7456454235360088
92,0.748760410893753
93,0.7506001583117486
94,0.7129248854470986
95,0.7563386921279733
96,0.7899522394222062
97,0.7715875369781658
98,0.7392819590411183
99,0.8212759398082685
100,0.7806075088842883
101,0.7546671670916695
102,0.7944781518358789
103,0.8198384660044546
104,0.8122907992131142
105,0.7403680956389058
106,0.7233976003299172
107,0.7105080627820148
108,0.7809941872619248
109,0.8143223752366985
110,0.7469261369482758
111,0.7324481219859684
112,0.7472925239578639
113,0.7190111675667258
114,0.7773302091323498
115,0.7463769157553842
116,0.7759856105669283
117,0.759321460454786
118,0.7241024883851166
119,0.7416377296016925
120,0.7515221385659877
121,0.7580147400227198
122,0.7248081852117297
123,0.7129248854470986
124,0.7465599346101215
125,0.6878780473504975
126,0.6752756613994824
127,0.7401869315841595
128,0.7450973534442424
129,0.7598823047408467
130,0.7541109830530017
131,0.767598381745498
132,0.7528152013703432
133,0.7493117418800104
134,0.7429100281852552
135,0.7567107282713051
136,0.7578282847580705
137,0.744549775880557
138,0.7567107282713051
139,0.7127519183582293
140,0.7043394955525873
141,0.7465599346101215
142,0.679335871856097
143,0.6086424305618359
144,0.6714060499361902
145,0.706388387210782
146,0.7463769157553842
147,0.7808008189344013
148,0.7299499261558617
149,0.6612201951830878
150,0.6844124844201894
151,0.6198634272471136
152,0.6034083224960141
153,0.5553119539314136
154,0.5713158580907772
155,0.5726316110834527
156,0.5664804390754515
157,0.5539197218788172
158,0.5316309653024677
159,0.5796691506944064
160,0.5697419565813071
161,0.5118361774151787
162,0.482541695739682
163,0.46859615979373037
164,0.5172458545924586
165,0.4878814080965925
166,0.5036878209553803
167,0.442320418078866
168,0.40506453938645304
169,0.36880637672266614
170,0.3401236009907593
171,0.31284673202567487
172,0.35150744654588206
173,0.30745584691291916
174,0.3836081576346393
175,0.3634782130463411
176,0.4104366318516435
177,0.43030735225909117
178,0.42657810607172597
179,0.3939408094599431
180,0.4525185175474494
181,0.4260359138294049
182,0.4828599484855183
183,0.43977041554718926
184,0.4181855055733317
185,0.4204851750190721
186,0.41494107856300283
187,0.43472733040244754
188,0.4266685816857833
189,0.40880669753223275
190,0.3781504773024806
191,0.3847121665539284
192,0.3480257041398425
193,0.3307739214868391
194,0.31947380690317356
195,0.31586335818256966
196,0.353477543600364
197,0.3988714259722595
198,0.3800878264580511
199,0.4240554376125962
200,0.4314986472912212
201,0.43761320354459016
202,0.4518357484464919
203,0.46251974891351383
204,0.44052399819706567
205,0.4816942810044406
206,0.48317847021188376
207,0.5034638410048832
208,0.5031281304668592
209,0.48317847021188376
210,0.45981846601699256
211,0.41546494587673416
212,0.41172938913030416
213,0.3894911938629236
214,0.571184511917346
215,0.6143648803936612
216,0.6024244209889199
217,0.546775344947413
218,0.5061599609462484
219,0.5690877775144557
220,0.5754071899500478
221,0.5681734531126892
222,0.6052409239743898
223,0.6173960088349929
224,0.6239543343091953
225,0.6320882702611252
226,0.6032676115996146
227,0.6217586072307913
228,0.6624828942906067
229,0.6211746985251599
230,0.5766018815624245
231,0.5476464304896048
232,0.5100110114813002
233,0.45203069482277686
234,0.47363486046425496
235,0.467169159745013
236,0.5847817822202184
237,0.5516509369973842
238,0.5883125585047825
239,0.5826222156927594
240,0.5502702226047407
241,0.5471484393274488
242,0.54109434635796
243,0.6007424005532673
244,0.5783330117410557
245,0.6717274797306788
246,0.6788470783286709
247,0.6688415030631601
248,0.6865553146079899
249,0.706901721898047
250,0.6210288559068863
251,0.56440539121527
252,0.5936588990571173
253,0.6159503102533136
254,0.5649232181396064
255,0.5310315212027725
256,0.5043605234648618
257,0.5201529826139198
258,0.5505209412614304
259,0.6455316822439101
260,0.7050216466060614
261,0.6426321773414565
262,0.6102094525909523
263,0.6039714688653285
264,0.5451622325215905
265,0.5255565648517035
266,0.6024244209889199
267,0.6571368090871064
268,0.6175407891250635
269,0.6730150401883132
270,0.6920319826536444
271,0.6340300926119709
272,0.7036582208444256
273,0.6963849392395037
274,0.6839191809616745
275,0.6637486387189975
276,0.6667667004097112
277,0.6952096955145138
278,0.6962168609867763
279,0.6712453756712721
280,0.667404262003878
281,0.6191364456137745
282,0.6394462348849351
283,0.6073640615123257
284,0.6109233849480357
285,0.5985087580904197
286,0.5772669338373176
287,0.5281660213131256
288,0.5780662479971497
289,0.6056647982495789
290,0.6031269953441737
291,0.6273398582133968
292,0.6263070687059
293,0.5922822811727738
294,0.623514383827917
295,0.682441836919946
296,0.6076478596101551
297,0.648755315132899
298,0.658389920560382
299,0.6648585897502681
300,0.6902004438016878
301,0.7041691171111164
302,0.6790099405459556
303,0.7181378141525235
304,0.7248081852117297
305,0.7134440630824327
306,0.7045099897218444
307,0.7299499261558617
308,0.7156993154953413
309,0.6980680861571218
310,0.7176144070293158
311,0.6686815869153387
312,0.6334318111618286
313,0.6326849743722084
314,0.6478322773325043
315,0.6140771623985259
316,0.605382156252679
317,0.5864080854220127
318,0.6380868279550768
319,0.5331935739929091
320,0.6587036606104629
321,0.5740833707984458
322,0.6651761488749888
323,0.6932006134968426
324,0.6950419664082537
325,0.728349445350837
326,0.7796418689279303
327,0.7165690299179109
328,0.7371154954453859
329,0.7380172573379021
330,0.6783587187983179
331,0.7228695200344522
332,0.6992492816229673
333,0.7190111675667258
334,0.7028076531877475
335,0.6547952651500081
336,0.656823992796405
337,0.7416377296016925
338,0.6987427724438418
339,0.7542963220891248
340,0.7400058217688867
341,0.7978436375758323
342,0.8151367070980046
343,0.7850683071491009
344,0.8375018475725775
345,0.8159520653534883
346,0.812696630026027
347,0.9110475526638367
348,0.7887767438173467
349,0.7491278980865826
350,0.7007715868322308
351,0.6677233254537699
352,0.759321460454786
353,0.7733049024874917
354,0.7647643945814461
355,0.7219903806195727
356,0.705875445498062
357,0.7046804695866172
358,0.7136172364802305
359,0.6903667349551278
360,0.6832620831965633
361,0.6119246531638382
362,0.5710531536071599
363,0.4886349896819617
364,0.5619536481811868
365,0.511036648766426
366,0.5343995129625418
367,0.7301280270296743
368,0.7647643945814461
369,0.7009410193494142
370,0.7091315540763076
371,0.7454626787499387
372,0.7084445449490343
373,0.6992492816229673
374,0.6560427882899508
375,0.7385589281755031
376,0.7496795949136679
377,0.6870509637671781
378,0.6987427724438418
379,0.6973942014680441
380,0.6882092370248849
381,0.7342389760885862
382,0.7160470257735934
383,0.7093034424568192
384,0.648755315132899
385,0.721288046669102
386,0.691032266391926
387,0.7009410193494142
388,0.6785214364157323
389,0.6502974364320996
390,0.6163835652671115
391,0.5803386474185108
392,0.5055967241899721
393,0.40422031658446006
394,0.5409716984198203
395,0.6629571680375397
396,0.5921448078349448
397,0.706388387210782
398,0.7249847495880042
399,0.6895359625477536
400,0.7331638346203991
401,0.8108723641811397
402,0.7506001583117486
403,0.7074155152013862
404,0.708272912301781
405,0.6605899324913053
406,0.6380868279550768
407,0.6171065199627336
408,0.5962855451732793
409,0.6277831149058697
410,0.6730150401883132
411,0.6188459393739102
412,0.6029864200431009
413,0.628818934579576
414,0.6561989728392459
415,0.6264544563414178
416,0.5744801396986992
417,0.5030162619466527
418,0.4437453742730815
419,0.43864320620363706
420,0.49515573393049006
421,0.6629571680375397
422,0.632834231337355
423,0.7124061387752916
424,0.6325357042490359
425,0.5815462088701037
426,0.542938620619033
427,0.49057963209336125
428,0.4554598081752181
429,0.4289381170122245
430,0.6179754945628138
431,0.6441562010821443
432,0.6414161332299155
433,0.6432412725160171
434,0.6143648803936612
435,0.6203001712100831
436,0.5874953858464639
437,0.6227820654912706
438,0.5715787144994592
439,0.6710848101674471
440,0.6764094884154231
441,0.6433936291821494
442,0.5874953858464639
443,0.6049585290215393
444,0.5971180573398964
445,0.5726316110834527
446,0.5194534108918876
447,0.5221417158797395
448,0.5466510199594544
449,0.6195725514067143
450,0.6042532882958235
451,0.6464507139279922
452,0.6344792361225238
453,0.6292635485391581
454,0.6300053656534436
455,0.6932006134968426
456,0.6682022438282748
457,0.7111975645973503
458,0.7228695200344522
459,0.7278168963352838
460,0.7374760382699931
461,0.7478425689884831
462,0.7081013307526601
463,0.6822778959394472
464,0.6424799863984906
465,0.5802046909202885
466,0.5615677781964198
467,0.48777385157888276
468,0.47539926061953497
469,0.4203077217972579
470,0.3952477752154634
471,0.39069815884205195
472,0.43977041554718926
473,0.527333954621793
474,0.5236690246565949
475,0.5560732527956241
476,0.523080896867523
477,0.5334344950281794
478,0.45428034705250725
479,0.4986789561387344
480,0.48360361174874555
481,0.4962533007336902
482,0.5194534108918876
483,0.5353667888959031
484,0.5315110262155064
485,0.5324716373894266
486,0.521321671434338
487,0.521321671434338
488,0.49570412931990526
489,0.43808098774045523
490,0.518173905398998
491,0.5053717046292374
492,0.5075148996599321
493,0.49614342107640497
494,0.5031281304668592
495,0.5031281304668592
496,0.5408490388614823
497,0.6143648803936612
498,0.5365789568423392
499,0.526148182549949
500,0.5054841984524714
501,0.5137845145284344
502,0.446709107035379
503,0.552783861038232
504,0.578733472636833
505,0.5880400094617456
506,0.5348828740698782
507,0.5291190202682121
508,0.5962855451732793
509,0.5804726427269876
510,0.5766018815624245
511,0.5728952285619531
512,0.6289671146382937
513,0.6274875483755056
514,0.5979520239980487
515,0.5872233110694917
516,0.5649232181396064
517,0.5392580337246115
518,0.5961469607893212
519,0.5476464304896048
520,0.5550585280403004
521,0.575142119608142
522,0.5847817822202184
523,0.5713158580907772
524,0.5367003461080406
525,0.5468996582151433
526,0.5824875976062462
527,0.6552627342491504
528,0.5465267780719719
529,0.482541695739682
530,0.39191001568450845
531,0.3524906476415673
532,0.3299353034224987
533,0.2995750784587889
534,0.30886530722319155
535,0.5318709921685913
536,0.5272152431007983
537,0.5915954185697664
538,0.6010222847477856
539,0.6469108091453212
540,0.6456847707753567
541,0.6741441804489506
542,0.6391438274431056
543,0.6672447705556791
544,0.726399130920089
545,0.7241024883851166
546,0.6316412297317017
547,0.6675637397340042
548,0.622343199741348
549,0.5766018815624245
550,0.5374295512780849
551,0.5194534108918876
552,0.49713362583279264
553,0.4996756276511069
554,0.5428153969297803
555,0.6083580524397518
556,0.6361295588930572
557,0.6452256985940958
558,0.5864080854220127
559,0.5530360258067357
560,0.4994539208517921
561,0.4373328509575752
562,0.43454198817616835
563,0.6184105261061323
564,0.6450728034120189
565,0.6356789631982882
566,0.6493716189742265
567,0.6686815869153387
568,0.6731762379716896
569,0.6920319826536444
570,0.6827698021127051
571,0.6359792780386142
572,0.558620387677714
573,0.6533952753624473
574,0.715178088975536
575,0.7096473728320372
576,0.7093034424568192
577,0.737836796980704
578,0.7427281029148921
579,0.7340596461262812
580,0.7773302091323498
581,0.7294159428364214
582,0.7467430083350411
583,0.7738783681291769
584,0.7374760382699931
585,0.748393108994407
586,0.74527998872538
587,0.7117151975138519
588,0.681131917964742
589,0.7281718759647118
590,0.7125790028066143
591,0.687381662640926
592,0.6962168609867763
593,0.6768961780175312
594,0.7430920079644489
595,0.7552238167891603
596,0.6989115371891854
597,0.7524454676222125
598,0.7811876138861881
599,0.720586517219897
600,0.8303817346253259
601,0.757455542174406
602,0.7752185560695268
603,0.7907371116505931
604,0.7897562067881067
605,0.8241600585338924
606,0.8636653777330036
607,0.8381336458041609
608,0.8135089907936207
609,0.862573858414548
610,0.8619197869565647
611,0.8515351307810026
612,0.8489626383328646
613,0.823953638003525
614,0.8318416675753784
615,0.8523947466950622
616,0.8339325979576526
617,0.910814619874237
618,0.779448908125677
619,0.7750269276428867
620,0.7817682437327965
621,0.7225177067956917
622,0.7204112656675812
623,0.7530001514707022
624,0.7664632598075846
625,0.7281718759647118
626,0.7494956408162956
627,0.7381977372853521
628,0.7288824720048658
629,0.7105080627820148
630,0.6777082057939803
631,0.6438510261602126
632,0.6903667349551278
633,0.721288046669102
634,0.7262221779023377
635,0.705875445498062
636,0.740911913419148
637,0.750415928145809
638,0.7533702182157627
639,0.7319119331365446
640,0.7022979713570002
641,0.6999253732054972
642,0.7253380365764615
643,0.6759232925893994
644,0.72269358715807
645,0.759321460454786
646,0.6930335448117173
647,0.6585467375337604
648,0.6156616661546396
649,0.503351919997958
650,0.571184511917346
651,0.6685217789913134
652,0.7337011470863741
653,0.7016190594635942
654,0.6982366503766068
655,0.7033178549275185
656,0.6826057639432555
657,0.6245414989979869
658,0.6049585290215393
659,0.6245414989979869
660,0.6383885567672359
661,0.6456847707753567
662,0.7342389760885862
663,0.7120605652056955
664,0.7700648944724824
665,0.7306626491989445
666,0.7517067006297551
667,0.7326269698878085
668,0.6790099405459556
669,0.6329835890518954
670,0.65168920324641
671,0.6839191809616745
672,0.6955451752278914
673,0.6837548021376006
674,0.6755993811686998
675,0.6441562010821443
676,0.5946249257124203
677,0.6297084970232939
678,0.568826360397481
679,0.5839708025645206
680,0.6179754945628138
681,0.6286708544376141
682,0.5972569771951998
683,0.6347789038941067
684,0.6547952651500081
685,0.6377852187543834
686,0.6484474939005985
687,0.6285227612031183
688,0.635528814603404
689,0.6194271218066824
690,0.6484474939005985
691,0.6591745878581988
692,0.6852356532676186
693,0.6759232925893994
694,0.648755315132899
695,0.6632736040504056
696,0.5811433554784076
697,0.5667405007588715
698,0.546775344947413
699,0.6621669249231064
700,0.694706721572014
701,0.65168920324641
702,0.6658117694331658
703,0.5980911335074189
704,0.5556924631889061
705,0.5449145916669743
706,0.5668705631112567
707,0.6830978991333597
708,0.744732247039905
709,0.6768961780175312
710,0.6972258875259286
711,0.7498636041903639
712,0.7043394955525873
713,0.7782924003577308
714,0.6755993811686998
715,0.6955451752278914
716,0.6242478307037592
717,0.639294980118464
718,0.604112331173209
719,0.6179754945628138
720,0.6285227612031183
721,0.6506064058450408
722,0.6493716189742265
723,0.656980407717313
724,0.6107805369180672
725,0.6417198762698186
726,0.5697419565813071
727,0.6634319223236963
728,0.6913652649817085
729,0.6911987409814465
730,0.6767338794965142
731,0.6373331081992921
732,0.7094753820364448
733,0.6921988176272149
734,0.7412746955214551
735,0.7461939517527
736,0.7141370664745742
737,0.7279943596320253
738,0.7381977372853521
739,0.6662890537266631
740,0.656823992796405
741,0.6935349634905978
742,0.6300053656534436
743,0.6146527665279526
744,0.5924197420190883
745,0.6555746298310222
746,0.6502974364320996
747,0.6313434021808934
748,0.5943487099413928
749,0.598648082754099
750,0.5730271196426431
751,0.5525318413029193
752,0.4924253126989568
753,0.5517766513630543
754,0.5755397573669034
755,0.6686815869153387
756,0.5358512119238182
757,0.5247296632606252
758,0.4331552024348387
759,0.330257536772222
760,0.2394069292455609
761,0.38765004540199793
762,0.6254234802721451
763,0.5722364957266978
764,0.6857301280090722
765,0.6773832380597721
766,0.6957130538645996
767,0.7909334778380965
768,0.7443673593923333
769,0.7086162287112362
770,0.7034879801120592
771,0.6609049708550631
772,0.6538615064285914
773,0.6060890433681271
774,0.5909096053833833
775,0.5931077507370758
776,0.6577629953201181
777,0.6760853511165055
778,0.697057559393494
779,0.6552627342491504
780,0.6403544661322115
781,0.6007424005532673
782,0.595039524285559
783,0.5257930744999189
784,0.4460376417249393
785,0.6722099503036262
786,0.7517067006297551
787,0.65168920324641
788,0.6142209729472328
789,0.5847817822202184
790,0.5359724390582729
791,0.4759197930990545
792,0.4167784615589556
793,0.409835153534081
794,0.6210288559068863
795,0.6119246531638382
796,0.595316141911384
797,0.5847817822202184
798,0.6126410906883489
799,0.6135022303887171
800,0.5982303365938227
801,0.6376344518173674
802,0.6080738401779667
803,0.5874953858464639
804,0.5849171171658488
805,0.5676518753992067
806,0.5501448934245963
807,0.6661298917342964
808,0.6261596680164875
809,0.6124977413757532
810,0.6208830559406681
811,0.6362798265334008
812,0.6283747678239993
813,0.5885852658413532
814,0.5820839260566366
815,0.5690877775144557
816,0.6478322773325043
817,0.6918652608103517
818,0.6475249404995809
819,0.6156616661546396
820,0.5743478283151754
821,0.5409716984198203
822,0.5460300723859847
823,0.4931878836725156
824,0.6694814573571042
825,0.6887063584929458
826,0.6778707308204239
827,0.6842480221055695
828,0.6492175043766201
829,0.6025648325741239
830,0.6412643575909099
831,0.589951128338614
832,0.5677822009159987
833,0.5376728982804456
834,0.600043242696851
835,0.6048173663516575
836,0.7326269698878085
837,0.7438204725297791
838,0.7771379447561172
839,0.7228695200344522
840,0.7295938840767876
841,0.7214635599276243
842,0.726399130920089
843,0.6906994019116659
844,0.6060890433681271
845,0.7494956408162956
846,0.7340596461262812
847,0.7702550289095903
848,0.744732247039905
849,0.706388387210782
850,0.6916985248610505
851,0.7113700684709156
852,0.6426321773414565
853,0.7274621626020874
854,0.7358553279071424
855,0.7287047433534057
856,0.752630306760295
857,0.757269254818359
858,0.7651415309720897
859,0.7045099897218444
860,0.7181378141525235
861,0.7792560054657314
862,0.7978436375758323
863,0.755038199393079
864,0.7606309314235897
865,0.7394628520878432
866,0.7683562926882409
867,0.7546671670916695
868,0.7403680956389058
869,0.7628821461452855
870,0.8231286211290872
871,0.8076414823303077
872,0.8004289177454971
873,0.7668414182372731
874,0.7877987950111357
875,0.7101636526832066
876,0.6960488967466807
877,0.6605899324913053
878,0.6415680114010665
879,0.8100631566962032
880,0.8204541302435456
881,0.8272638152350347
882,0.7819618667949993
883,0.7960597544677948
884,0.7535552995844925
885,0.7228695200344522
886,0.8060318993755698
887,0.8147294372286081
888,0.7788703744956675
889,0.7817682437327965
890,0.7374760382699931
891,0.7531851570797227
892,0.7287047433534057
893,0.7148308635342299
894,0.752630306760295
895,0.7683562926882409
896,0.720586517219897
897,0.725868362909853
898,0.7326269698878085
899,0.7587610857216454
900,0.7606309314235897
901,0.7679772232213424
902,0.8310070401715642
903,0.7449147728884443
904,0.7362151162723347
905,0.7181378141525235
906,0.7070729135777561
907,0.6978995720183726
908,0.7174400752921206
909,0.7248081852117297
910,0.6932006134968426
911,0.6762473957872509
912,0.6803148249050347
913,0.6593316362476168
914,0.7002637206185143
915,0.7000944894965038
916,0.7144838781416604
917,0.7190111675667258
918,0.6273398582133968
919,0.6008823222793694
920,0.5992056807511801
921,0.6424799863984906
922,0.639294980118464
923,0.6509155572528603
924,0.6925325725524246
925,0.715178088975536
926,0.6725318556893675
927,0.6185556583363825
928,0.6195725514067143
929,0.6718882352551275
930,0.6741441804489506
931,0.658389920560382
932,0.5861366415384649
933,0.6433936291821494
934,0.5755397573669034
935,0.5307919742644369
936,0.49296984638337055
937,0.5473973633882789
938,0.5393801904523
939,0.5195699083206647
940,0.5158577800740023
941,0.5045849692954942
942,0.4937334955337483
943,0.50706272619663
944,0.49746424078259155
945,0.3986229575452472
946,0.36216214026052934
947,0.33818563628145354
948,0.36487428330816807
949,0.30420082883154304
950,0.24500939036896188
951,0.3495519854590047
952,0.3800878264580511
953,0.35157756917435357
954,0.34561583453194417
955,0.3295492202759496
956,0.2994056046453796
957,0.39467528006349945
958,0.3931268489860126
959,0.4472857052308467
960,0.5006748425712825
961,0.4946081133309405
962,0.47156986313414256
963,0.4711582837769804
964,0.4994539208517921
965,0.5141293072613494
966,0.4759197930990545
967,0.48392276211671054
968,0.5281660213131256
969,0.555565574123972
970,0.5764689561607516
971,0.5940726547361661
972,0.5629843338817075
973,0.6242478307037592
974,0.6925325725524246
975,0.6535506201772553
976,0.616672631409235
977,0.6226357527017566
978,0.5887216528798481
979,0.5973958844760259
980,0.5760705120604681
981,0.5435551285141355
982,0.5166669175682705
983,0.578733472636833
984,0.5909096053833833
985,0.6181204442493158
986,0.6010222847477856
987,0.5911838215871786
988,0.597673873327108
989,0.5924197420190883
990,0.6062305768711107
991,0.6087847089897834
992,0.6056647982495789
993,0.5488938671720299
994,0.5321111563586699
995,0.48777385157888276
996,0.4857364805305302
997,0.4707471267017775
998,0.4904713140396236
999,0.5256748028004735
1000,0.5595153501321783
1001,0.5503955400046068
1002,0.5553119539314136
1003,0.5330731421969356
1004,0.5318709921685913
1005,0.5247296632606252
1006,0.5212046302658537
1007,0.5994847232942435
1008,0.5439254485717908
1009,0.5649232181396064
1010,0.6367310089375001
1011,0.6476785569981743
1012,0.6459909661233704
1013,0.6440036202921048
1014,0.6322373522244422
1015,0.669801748862177
1016,0.6286708544376141
1017,0.5947631201993493
1018,0.5637589104299714
1019,0.6216125938328825
1020,0.6077898478293202
1021,0.5823530185313418
1022,0.6181204442493158
1023,0.6535506201772553
1024,0.6535506201772553
1025,0.6343294967326737
1026,0.6479859842630773
1027,0.6635902269424221
1028,0.729060253779796
1029,0.6887063584929458
1030,0.676571690888013
1031,0.6728539515371081
1032,0.6858950926330682
1033,0.7108527109877099
1034,0.7233976003299172
1035,0.6796619962681885
1036,0.6760853511165055
1037,0.6854004712299858
1038,0.715525521518288
1039,0.6849062267425831
1040,0.6720490996754516
1041,0.6409608821869565
1042,0.5987873948201468
1043,0.6132150161557263
1044,0.6495258377603818
1045,0.6298568812724187
1046,0.5563273114630092
1047,0.5317509386853189
1048,0.4894980326885735
1049,0.5156268875971065
1050,0.6902004438016878
1051,0.6768961780175312
1052,0.7471093204679671
1053,0.7821555851819829
1054,0.8181993645102361
1055,0.7617555240365528
1056,0.6880436492105664
1057,0.7423644505013759
1058,0.7456454235360088
1059,0.748393108994407
1060,0.7708257393426137
1061,0.8523947466950622
1062,0.7899522394222062
1063,0.7767536263619306
1064,0.7842903098764492
1065,0.7091315540763076
1066,0.715351779350706
1067,0.6892039858848893
1068,0.6577629953201181
1069,0.6380868279550768
1070,0.5864080854220127
1071,0.6443088849744295
1072,0.7137904615001868
1073,0.7014494899923289
1074,0.6796619962681885
1075,0.6842480221055695
1076,0.6925325725524246
1077,0.6609049708550631
1078,0.6197179680632375
1079,0.619281790179595
1080,0.626896990899176
1081,0.696721181474284
1082,0.6405060322451074
1083,0.7048510652512487
1084,0.6854004712299858
1085,0.6885406232526746
1086,0.6757613438046555
1087,0.6540169885995548
1088,0.6332823789665657
1089,0.6646998502387613
1090,0.648755315132899
1091,0.668361957331376
1092,0.6590175258824406
1093,0.6090692818173344
1094,0.5883125585047825
1095,0.558620387677714
1096,0.6718882352551275
1097,0.682441836919946
1098,0.6502974364320996
1099,0.6093540750459742
1100,0.6158059395915325
1101,0.5906355484500926
1102,0.5812775839566319
1103,0.5387696635708109
1104,0.6340300926119709
1105,0.5879038202448993
1106,0.6447670895907738
1107,0.6374837866263867
1108,0.6195725514067143
1109,0.6459909661233704
1110,0.6359792780386142
1111,0.7034879801120592
1112,0.6680425775034534
1113,0.6725318556893675
1114,0.6639070368359385
1115,0.6216125938328825
1116,0.6314922657207925
1117,0.6482935925150768
1118,0.6203001712100831
1119,0.5997638750723799
1120,0.5386476817389818
1121,0.6612201951830878
1122,0.7139637381593005
1123,0.6506064058450408
1124,0.6639070368359385
1125,0.6368814531267292
1126,0.6842480221055695
1127,0.6446143292312152
1128,0.6932006134968426
1129,0.7125790028066143
1130,0.7219903806195727
1131,0.7174400752921206
1132,0.743274042270481
1133,0.7371154954453859
1134,0.7777149116960177
1135,0.7554094899146174
1136,0.7942807154066795
1137,0.7891683516420325
1138,0.8094569324172753
1139,0.790344557071406
1140,0.8237472800870037
1141,0.7195358252753894
1142,0.7829310430521834
1143,0.7319119331365446
1144,0.7657076609702861
1145,0.7817682437327965
1146,0.8038250604454362
1147,0.7950707813869807
1148,0.7531851570797227
1149,0.8060318993755698
1150,0.8102653666970038
1151,0.7839016445155136
1152,0.7533702182157627
1153,0.7340596461262812
1154,0.7679772232213424
1155,0.8167683735613535
1156,0.8809101436440195
1157,0.8370810088349075
1158,0.8024245407057423
1159,0.7868222833083759
1160,0.7498636041903639
1161,0.8002296833108214
1162,0.8128996376396261
1163,0.7759856105669283
1164,0.7371154954453859
1165,0.7520759556885958
1166,0.8137122445130414
1167,0.8962832559294915
1168,0.8202488335554238
1169,0.8307985416906855
1170,0.8118852141496444
1171,0.8274712404037652
1172,0.8214815480062019
1173,0.794873165969112
1174,0.7664632598075846
1175,0.7742609907523441
1176,0.763446237460594
1177,0.7819618667949993
1178,0.8161560593818131
1179,0.8122907992131142
1180,0.7308409291482281
1181,0.7179632930682591
1182,0.683426253289592
1183,0.680804923043402
1184,0.6639070368359385
1185,0.6513795963481771
1186,0.6529293969397071
1187,0.6521539260921774
1188,0.6236610097024226
1189,0.6361295588930572
1190,0.6200089844941186
1191,0.6510701717423524
1192,0.6722099503036262
1193,0.6850709470044956
1194,0.6768961780175312
1195,0.6307482707894029
1196,0.6411125686544276
1197,0.6135022303887171
1198,0.6352287068291271
1199,0.6314922657207925
1200,0.6335812871919634
1201,0.6102094525909523
1202,0.6184105261061323
1203,0.5706594065506276
1204,0.5438019888316983
1205,0.46676251105203026
1206,0.40786695718575355
1207,0.4468051582774261
1208,0.44052399819706567
1209,0.4216412071019951
1210,0.6427843549647798
1211,0.6772208573017376
1212,0.6895359625477536
1213,0.6803148249050347
1214,0.6523089643968365
1215,0.6870509637671781
1216,0.6691614161675769
1217,0.6344792361225238
1218,0.6588605701083814
1219,0.6417198762698186
1220,0.6565113608953868
1221,0.6900342653926406
1222,0.6473713106021951
1223,0.7299499261558617
1224,0.6930335448117173
1225,0.605382156252679
1226,0.605382156252679
1227,0.6075059669335368
1228,0.6146527665279526
1229,0.61221111360906
1230,0.5641466771163515
1231,0.5616963480866061
1232,0.5672610252045777
1233,0.5743478283151754
1234,0.5201529826139198
1235,0.5735549649103266
1236,0.5525318413029193
1237,0.5260297643509462
1238,0.46061673925924923
1239,0.4017014006200863
1240,0.4273024719133858
1241,0.36252707443039994
1242,0.5649232181396064
1243,0.496693214223676
1244,0.5879038202448993
1245,0.5507718041135754
1246,0.49559440494266127
1247,0.47156986313414256
1248,0.39639604036792914
1249,0.4160772378962593
1250,0.5715787144994592
1251,0.6320882702611252
1252,0.5906355484500926
1253,0.6295601562534077
1254,0.5980911335074189
1255,0.588448866373167
1256,0.5703970814362569
1257,0.6070804288981956
1258,0.6230748754051404
1259,0.5590037080606566
1260,0.6526190597142585
1261,0.6612201951830878
1262,0.6962168609867763
1263,0.6706033371392913
1264,0.6607473983915442
1265,0.667404262003878
1266,0.6459909661233704
1267,0.658389920560382
1268,0.6424799863984906
1269,0.5822184271312912
1270,0.6175407891250635
1271,0.6203001712100831
1272,0.6335812871919634
1273,0.6541725759279308
1274,0.560283919953664
1275,0.5312712051571628
1276,0.5311513231899496
1277,0.5177096157027964
1278,0.47084985313193156
1279,0.44222564863180286
1280,0.4588231677408427
1281,0.44690119958080976
1282,0.4369593859077922
1283,0.5276903379803485
1284,0.5384037763777169
1285,0.5006748425712825
1286,0.5310315212027725
1287,0.5219072440456659
1288,0.4840292325984706
1289,0.49351514994054224
1290,0.5689570251452623
1291,0.6129279696252603
1292,0.5792678770745279
1293,0.5690877775144557
1294,0.5184062486782394
1295,0.44690119958080976
1296,0.542938620619033
1297,0.5920074268540972
1298,0.583430898537288
1299,0.5672610252045777
1300,0.573422921162359
1301,0.5673912875412848
1302,0.6319392320042971
1303,0.6252763944744703
1304,0.682114066036158
1305,0.655730616818429
1306,0.6245414989979869
1307,0.5830264069751396
1308,0.578733472636833
1309,0.5752746103250496
1310,0.546775344947413
1311,0.6298568812724187
1312,0.7041691171111164
1313,0.6032676115996146
1314,0.5685650942765552
1315,0.559771392415658
1316,0.5445434204275588
1317,0.519220471156229
1318,0.5057093248025655
1319,0.5135548015000343
1320,0.46737267439668373
1321,0.512751855954343
1322,0.5055967241899721
1323,0.6379359724503892
1324,0.679825162046414
1325,0.6441562010821443
1326,0.6470643035066045
1327,0.6371825314556275
1328,0.6058061540864794
1329,0.597673873327108
1330,0.5891311558053305
1331,0.5550585280403004
1332,0.673498653593624
1333,0.6736599944758862
1334,0.6790099405459556
1335,0.687381662640926
1336,0.6696416099865299
1337,0.6349287751487114
1338,0.6752756613994824
1339,0.7169172922120274
1340,0.7179632930682591
1341,0.7517067006297551
1342,0.7176144070293158
1343,0.6718882352551275
1344,0.7006022692890316
1345,0.6618511420072123
1346,0.7067305158764675
1347,0.7074155152013862
1348,0.759321460454786
1349,0.7687355902972589
1350,0.8012264581260528
1351,0.83624001819329
1352,0.7561527400789879
1353,0.7934915657626845
1354,0.7960597544677948
1355,0.8054292952368104
1356,0.8258136399066895
1357,0.8133057986342914
1358,0.8339325979576526
1359,0.8396100441039213
1360,0.8052285487109622
1361,0.7530001514707022
1362,0.8586582652854875
1363,0.8427843620925768
1364,0.8293408633838887
1365,0.8204541302435456
1366,0.827886279670157
1367,0.8108723641811397
1368,0.8910476922469587
1369,0.8408780259148075
1370,0.8636653777330036
1371,0.8408780259148075
1372,0.8173812836525519
1373,0.8018252086599927
1374,0.8058309705489156
1375,0.7742609907523441
1376,0.790344557071406
1377,0.8008275673673545
1378,0.8060318993755698
1379,0.7679772232213424
1380,0.7589478211938703
1381,0.7338803697981092
1382,0.6835905347012827
1383,0.7559668438516176
1384,0.6544838287950999
1385,0.7821555851819829
1386,0.7940833386045513
1387,0.7651415309720897
1388,0.8131027067519178
1389,0.8493907482391526
1390,0.885398505415693
1391,0.7835132135044703
1392,0.7712065235211684
1393,0.7980421506623311
1394,0.7909334778380965
1395,0.8241600585338924
1396,0.788385372294426
1397,0.7306626491989445
1398,0.726045243984129
1399,0.7738783681291769
1400,0.7798348878917696
1401,0.779448908125677
1402,0.8054292952368104
1403,0.8064339394711216
1404,0.7821555851819829
1405,0.7823493619818116
1406,0.787017467811273
1407,0.7713970015803655
1408,0.7502317883547046
1409,0.8072387115988308
1410,0.6543281497503386
1411,0.6803148249050347
1412,0.7091315540763076
1413,0.7113700684709156
1414,0.732269327559227
1415,0.7106803612178187
1416,0.7096473728320372
1417,0.6720490996754516
1418,0.726045243984129
1419,0.7513376318642546
1420,0.7156993154953413
1421,0.6429366354048655
1422,0.7602565056234425
1423,0.7623185990593386
1424,0.7430920079644489
1425,0.7050216466060614
1426,0.7041691171111164
1427,0.7124061387752916
1428,0.7105080627820148
1429,0.6530846637411725
1430,0.6892039858848893
1431,0.7919161610267292
1432,0.7602565056234425
1433,0.7570830233948265
1434,0.7520759556885958
1435,0.7443673593923333
1436,0.705704610135565
1437,0.6882092370248849
1438,0.750415928145809
1439,0.7613804226113831
1440,0.7340596461262812
1441,0.7338803697981092
1442,0.759321460454786
1443,0.7016190594635942
1444,0.7303061811497458
1445,0.6860600432452487
1446,0.6667667004097112
1447,0.676571690888013
1448,0.6470643035066045
1449,0.6942042594972669
1450,0.7677877739939749
1451,0.7606309314235897
1452,0.7160470257735934
1453,0.7029776914627006
1454,0.6819502221808699
1455,0.5461541716506104
1456,0.7249847495880042
1457,0.7507844437482856
1458,0.7158731612989286
1459,0.6965530033151215
1460,0.6978995720183726
1461,0.6775456668853982
1462,0.6857301280090722
1463,0.6714060499361902
1464,0.7067305158764675
1465,0.6948743510668163
1466,0.6691614161675769
1467,0.6377852187543834
1468,0.6506064058450408
1469,0.6466040143879656
1470,0.7181378141525235
1471,0.7367551683643982
1472,0.725868362909853
1473,0.6921988176272149
1474,0.7096473728320372
1475,0.7038284472856337
1476,0.6755993811686998
1477,0.6803148249050347
1478,0.6968893454510545
1479,0.6624828942906067
1480,0.6412643575909099
1481,0.6501429904889579
1482,0.6249822959575483
1483,0.5316309653024677
1484,0.4696188394192236
1485,0.4617172637575577
1486,0.7012799062644919
1487,0.7418193282072645
1488,0.7269304085710299
1489,0.6928664620021884
1490,0.6762473957872509
1491,0.6540169885995548
1492,0.6358290985864011
1493,0.6254234802721451
1494,0.6411125686544276
1495,0.6216125938328825
1496,0.6129279696252603
1497,0.7021282000371946
1498,0.7179632930682591
1499,0.679825162046414
1500,0.683426253289592
1501,0.748760410893753
1502,0.8186087379988465
1503,0.6677233254537699
1504,0.6335812871919634
1505,0.6952096955145138
1506,0.6706033371392913
1507,0.6356789631982882
1508,0.601722869145333
1509,0.6455316822439101
1510,0.6839191809616745
1511,0.7004329375025381
1512,0.6785214364157323
1513,0.6790099405459556
1514,0.6565113608953868
1515,0.6280788546844055
1516,0.6189911989608213
1517,0.6073640615123257
1518,0.5933832447961005
1519,0.5962855451732793
1520,0.6149408209107483
1521,0.6217586072307913
1522,0.6602750799701839
1523,0.6129279696252603
1524,0.5808749639906777
1525,0.6058061540864794
1526,0.5532882875648004
1527,0.632834231337355
1528,0.6316412297317017
1529,0.5876315084349775
1530,0.5539197218788172
1531,0.4774857855010682
1532,0.4071001553744156
1533,0.4552629508966102
1534,0.42675904773644524
1535,0.5828916203496763
1536,0.6447670895907738
1537,0.6453786971010541
1538,0.6950419664082537
1539,0.7101636526832066
1540,0.6715667104192036
1541,0.7127519183582293
1542,0.6870509637671781
1543,0.7381977372853521
1544,0.740911913419148
1545,0.7496795949136679
1546,0.7582012157152184
1547,0.723749939121604
1548,0.7204112656675812
1549,0.7249847495880042
1550,0.7852629624481633
1551,0.8102653666970038
1552,0.8262276726938089
1553,0.7956639859578206
1554,0.7608182287142757
1555,0.7143104464630226
1556,0.6475249404995809
1557,0.6547952651500081
1558,0.7905408047349208
1559,0.7809941872619248
1560,0.7786776461470233
1561,0.8333046677783108
1562,0.8393989318966667
1563,0.8320504829019771
1564,0.7879942742059538
1565,0.8010269825945839
1566,0.8177902000979805
1567,0.7844847304867237
1568,0.8028243975927734
1569,0.8004289177454971
1570,0.8006282124243341
1571,0.8375018475725775
1572,0.8179947512979391
1573,0.8006282124243341
1574,0.804426207907669
1575,0.812696630026027
1576,0.787017467811273
1577,0.7554094899146174
1578,0.7846792097428017
1579,0.7606309314235897
1580,0.8349804875103797
1581,0.7736871796732236
1582,0.7636343809673645
1583,0.8020249255973774
1584,0.7610055822901968
1585,0.7860421710760007
1586,0.7717781297335663
1587,0.8135089907936207
1588,0.7689253247022985
1589,0.8992588742191909
1590,0.7645759114122493
1591,0.7272848582981841
1592,0.6858950926330682
1593,0.7567107282713051
1594,0.7757937511571136
1595,0.784873747664141
1596,0.7761775277731552
1597,0.8208649104219925
1598,0.7754102056501111
1599,0.7376563906306763
1600,0.7664632598075846
1601,0.7788703744956675
1602,0.8122907992131142
1603,0.7860421710760007
1604,0.8153404540243114
1605,0.8231286211290872
1606,0.7911299033171051
1607,0.8002296833108214
1608,0.8056301025093972
1609,0.8260206248889049
1610,0.8192233223883494
1611,0.7653301842310771
1612,0.7485767324090774
1613,0.7555952187878844
1614,0.7274621626020874
1615,0.722341878930014
1616,0.7304843885336451
1617,0.7036582208444256
1618,0.6489093524534695
1619,0.7353160489006851
1620,0.6923656384895227
1621,0.6565113608953868
1622,0.6803148249050347
1623,0.6987427724438418
1624,0.7198858580697858
1625,0.7200609528151756
1626,0.7156993154953413
1627,0.7465599346101215
1628,0.7148308635342299
1629,0.7363950912164899
1630,0.7129248854470986
1631,0.670122229771598
1632,0.6048173663516575
1633,0.6073640615123257
1634,0.5872233110694917
1635,0.5466510199594544
1636,0.5858653551306873
1637,0.5992056807511801
1638,0.6317901806015989
1639,0.5640173513844488
1640,0.6408092402749389
1641,0.5331935739929091
1642,0.5274527453570426
1643,0.5250838602395516
1644,0.5440489908623647
1645,0.5439254485717908
1646,0.6295601562534077
1647,0.5021226674987075
1648,0.5173617674591424
1649,0.5331935739929091
1650,0.5325918970631923
1651,0.5003415020031923
1652,0.492098969814102
1653,0.4454631595882443
1654,0.44213086933089596
1655,0.44950487711091147
1656,0.5649232181396064
1657,0.5582373984476413
1658,0.5284040668849155
1659,0.5182900383364
1660,0.5027926626770358
1661,0.5207369329074367
1662,0.5177096157027964
1663,0.49691335772367246
1664,0.5784664770173341
1665,0.5946249257124203
1666,0.6082159526870282
1667,0.5827569241871855
1668,0.5842409895212268
1669,0.5996242788715384
1670,0.5431851270655762
1671,0.547521855300784
1672,0.5979520239980487
1673,0.6260123666929119
1674,0.6224894269184692
1675,0.6294118023764648
1676,0.6479859842630773
1677,0.5936588990571173
1678,0.5116075720838016
1679,0.5894042865186042
1680,0.6210288559068863
1681,0.6379359724503892
1682,0.6267494174075106
1683,0.6739827579061171
1684,0.5827569241871855
1685,0.6616933505274468
1686,0.6786842643210168
1687,0.6690014054699678
1688,0.6963849392395037
1689,0.7239261874357092
1690,0.6685217789913134
1691,0.6459909661233704
1692,0.6739827579061171
1693,0.6529293969397071
1694,0.6266019434038231
1695,0.6314922657207925
1696,0.6171065199627336
1697,0.6188459393739102
1698,0.6417198762698186
1699,0.6208830559406681
1700,0.6456847707753567
1701,0.7011104376179935
1702,0.6656528090578004
1703,0.708272912301781
1704,0.6551068256597022
1705,0.7702550289095903
1706,0.6591745878581988
1707,0.8459732370523757
1708,0.5854587464044808
1709,0.6803148249050347
1710,0.6688415030631601
1711,0.6447670895907738
1712,0.6925325725524246
1713,0.6973942014680441
1714,0.668361957331376
1715,0.6316412297317017
1716,0.6467574184598393
1717,0.6377852187543834
1718,0.6530846637411725
1719,0.639748762306736
1720,0.6752756613994824
1721,0.697057559393494
1722,0.6456847707753567
1723,0.6038305938713997
1724,0.5718417229313535
1725,0.6605899324913053
1726,0.6892039858848893
1727,0.7106803612178187
1728,0.6987427724438418
1729,0.6775456668853982
1730,0.7494956408162956
1731,0.6905330120261726
1732,0.6391438274431056
1733,0.6714060499361902
1734,0.6264544563414178
1735,0.6473713106021951
1736,0.6156616661546396
1737,0.6181204442493158
1738,0.6179754945628138
1739,0.6303024083803082
1740,0.583430898537288
1741,0.6496800431154415
1742,0.6246883696203046
1743,0.5584926553496705
1744,0.54109434635796
1745,0.47446412655658343
1746,0.4369593859077922
1747,0.42884701524909474
1748,0.6286708544376141
1749,0.6261596680164875
1750,0.6142209729472328
1751,0.6484474939005985
1752,0.7101636526832066
1753,0.7509687844736941
1754,0.7668414182372731
1755,0.8112773356090945
1756,0.6444615555199203
1757,0.6920319826536444
1758,0.5932455040203872
1759,0.5943487099413928
1760,0.5657011543669617
1761,0.5565815164770682
1762,0.5996242788715384
1763,0.6239543343091953
1764,0.6317901806015989
1765,0.6709242308868363
1766,0.6770584626693044
1767,0.668361957331376
1768,0.6921988176272149
1769,0.697057559393494
1770,0.6863901541979761
1771,0.6863901541979761
1772,0.6549510224551442
1773,0.6985739934843667
1774,0.726753263112861
1775,0.7190111675667258
1776,0.737836796980704
1777,0.7029776914627006
1778,0.7401869315841595
1779,0.7956639859578206
1780,0.72269358715807
1781,0.7169172922120274
1782,0.6882092370248849
1783,0.725868362909853
1784,0.6659708374313168
1785,0.7636343809673645
1786,0.6254234802721451
1787,0.7403680956389058
1788,0.705533760449905
1789,0.6965530033151215
1790,0.6962168609867763
1791,0.7443673593923333
1792,0.6640655421770175
1793,0.6086424305618359
1794,0.6995872269177087
1795,0.72269358715807
1796,0.6887063584929458
1797,0.6386905204261895
1798,0.6103521339552542
1799,0.6752756613994824
1800,0.8173812836525519
1801,0.8012264581260528
1802,0.8408780259148075
1803,0.7899522394222062
1804,0.8297570381527344
1805,0.7274621626020874
1806,0.7233976003299172
1807,0.7181378141525235
1808,0.6226357527017566
1809,0.6168172002714581
1810,0.5471484393274488
1811,0.6300053656534436
1812,0.5672610252045777
1813,0.6502974364320996
1814,0.6872162571460367
1815,0.6546394943288847
1816,0.7019584144501856
1817,0.6654938349923469
1818,0.6456847707753567
1819,0.6790099405459556
1820,0.6667667004097112
1821,0.687381662640926
1822,0.6775456668853982
1823,0.7012799062644919
1824,0.7093034424568192
1825,0.6916985248610505
1826,0.7255147592234304
1827,0.6645412181172992
1828,0.7017887440878335
1829,0.6862251057301278
1830,0.6908657777095203
1831,0.5690877775144557
1832,0.6730150401883132
1833,0.6801515763674248
1834,0.6188459393739102
1835,0.5508972657045925
1836,0.5001194181466903
1837,0.4511543091520327
1838,0.4186264703856441
1839,0.6890380397741318
1840,0.728349445350837
1841,0.6449198948707878
1842,0.6408092402749389
1843,0.6484474939005985
1844,0.616672631409235
1845,0.5891311558053305
1846,0.5903617029096495
1847,0.5957313965378153
1848,0.6109233849480357
1849,0.5620823784378037
1850,0.6389926615046726
1851,0.6285227612031183
1852,0.6512248317578043
1853,0.7074155152013862
1854,0.715178088975536
1855,0.7335220121412916
1856,0.7365751200253832
1857,0.7162209752715756
1858,0.7383783057000859
1859,0.6920319826536444
1860,0.7288824720048658
1861,0.725868362909853
1862,0.7074155152013862
1863,0.6915319019717585
1864,0.7769457749454649
1865,0.7641991509547775
1866,0.7372957398808344
1867,0.7228695200344522
1868,0.7649529344284706
1869,0.7604436903995181
1870,0.7184870125363794
1871,0.8231286211290872
1872,0.8074400664900653
1873,0.789560195925377
1874,0.7868222833083759
1875,0.7738783681291769
1876,0.7897562067881067
1877,0.812696630026027
1878,0.7996323792315996
1879,0.8253998583266691
1880,0.8539015558904205
1881,0.842996504020365
1882,0.8474663453909832
1883,0.8256067177262496
1884,0.8757823708275926
1885,0.8791224787341326
1886,0.8960548493649845
1887,0.8638838814383072
1888,0.811074819237675
1889,0.7589478211938703
1890,0.8094569324172753
1891,0.8000305091003005
1892,0.794873165969112
1893,0.7478425689884831
1894,0.7710161027815791
1895,0.7602565056234425
1896,0.7780998461360351
1897,0.7351364310318921
1898,0.74527998872538
1899,0.7531851570797227
1900,0.7960597544677948
1901,0.7687355902972589
1902,0.7358553279071424
1903,0.7666523105895323
1904,0.7784850126061906
1905,0.7808008189344013
1906,0.7600693770767537
1907,0.7518912828564036
1908,0.7369353049458414
1909,0.8318416675753784
1910,0.8408780259148075
1911,0.8554115817347309
1912,0.7970501848763278
1913,0.788385372294426
1914,0.7798348878917696
1915,0.7970501848763278
1916,0.8052285487109622
1917,0.8206594891921587
1918,0.8062328890095642
1919,0.8511057563031517
1920,0.8227164682759186
1921,0.8048272378187269
1922,0.8398212205094128
1923,0.8088512199444952
1924,0.7645759114122493
1925,0.8235409847634833
1926,0.8474663453909832
1927,0.8457601895913055
1928,0.8627920291246683
1929,0.8901408945736641
1930,0.7583877830008677
1931,0.7780998461360351
1932,0.7396437993024516
1933,0.7539256996357814
1934,0.7757937511571136
1935,0.7893642442165621
1936,0.7844847304867237
1937,0.7825431972138664
1938,0.7509687844736941
1939,0.7251613667037848
1940,0.7583877830008677
1941,0.7662742658726045
1942,0.8171769183658375
1943,0.8008275673673545
1944,0.7850683071491009
1945,0.7689253247022985
1946,0.7297718785107519
1947,0.7429100281852552
1948,0.6590175258824406
1949,0.6942042594972669
1950,0.728349445350837
1951,0.7387396047294539
1952,0.6863901541979761
1953,0.6806415293834153
1954,0.7338803697981092
1955,0.7763695027949531
1956,0.7412746955214551
1957,0.6801515763674248
1958,0.7619431593074815
1959,0.7288824720048658
1960,0.752260683937757
1961,0.7436382745351227
1962,0.724278841987179
1963,0.7367551683643982
1964,0.7000944894965038
1965,0.6892039858848893
1966,0.6867204609957553
1967,0.673498653593624
1968,0.6845769954850578
1969,0.715351779350706
1970,0.6346290194473768
1971,0.7337011470863741
1972,0.8157481331315035
1973,0.8274712404037652
1974,0.8139155598130333
1975,0.8141189367140876
1976,0.7858472807653201
1977,0.8145258754013677
1978,0.8453342891140541
1979,0.9265799899313478
1980,0.9419457566396435
1981,0.93494560533609
1982,0.9315885466636903
1983,0.9524410601729645
1984,0.9623298581754669
1985,0.9204235235987219
1986,0.8554115817347309
1987,0.8706905050251239
1988,0.8100631566962032
1989,0.8457601895913055
1990,0.7827370908975253
1991,0.830590106515636
1992,0.9492533544130052
1993,0.8022247029392688
1994,0.8181993645102361
1995,0.8307985416906855
1996,0.7952684565111672
1997,0.7626942645490226
1998,0.7666523105895323
1999,0.6837548021376006
2000,0.6892039858848893
2001,0.6656528090578004
2002,0.6547952651500081
2003,0.6554186293150941
2004,0.6498342938628057
2005,0.6770584626693044
2006,0.7190111675667258
2007,0.6839191809616745
2008,0.6590175258824406
2009,0.6714060499361902
2010,0.656823992796405
2011,0.6605899324913053
2012,0.6582330900132549
2013,0.6526190597142585
2014,0.6849062267425831
2015,0.6994182613827022
2016,0.7033178549275185
2017,0.7117151975138519
2018,0.6661298917342964
2019,0.6524639892255315
2020,0.6712453756712721
2021,0.6478322773325043
2022,0.6997562426818096
2023,0.6680425775034534
2024,0.6541725759279308
2025,0.6524639892255315
2026,0.6484474939005985
2027,0.6672447705556791
2028,0.6286708544376141
2029,0.6757613438046555
2030,0.6930335448117173
2031,0.6803148249050347
2032,0.6175407891250635
2033,0.6158059395915325
2034,0.6160946680311443
2035,0.6260123666929119
2036,0.595039524285559
2037,0.5625975726165131
2038,0.5434317749976991
2039,0.5268592213491873
2040,0.649988648895163
2041,0.5677822009159987
2042,0.6258651084960078
2043,0.5792678770745279
2044,0.6298568812724187
2045,0.6238076225663515
2046,0.6063720976506116
2047,0.6089269746519885
2048,0.6248352832431155
2049,0.6273398582133968
2050,0.6282268177968422
2051,0.6334318111618286
2052,0.6257178372524401
2053,0.6285227612031183
2054,0.5842409895212268
2055,0.5606686791078923
2056,0.595039524285559
2057,0.6699619961963308
2058,0.7279943596320253
2059,0.6347789038941067
2060,0.6359792780386142
2061,0.6704429002094738
2062,0.7000944894965038
2063,0.6957130538645996
2064,0.6588605701083814
2065,0.6544838287950999
2066,0.6277831149058697
2067,0.5951778393683892
2068,0.6156616661546396
2069,0.5772669338373176
2070,0.5377946008516237
2071,0.5880400094617456
2072,0.6423278982089636
2073,0.655730616818429
2074,0.6827698021127051
2075,0.6467574184598393
2076,0.6590175258824406
2077,0.638237670213855
2078,0.693702244869711
2079,0.718661689870284
2080,0.7412746955214551
2081,0.726045243984129
2082,0.7043394955525873
2083,0.6893699179315879
2084,0.7441850323339295
2085,0.6911987409814465
2086,0.6913652649817085
2087,0.696721181474284
2088,0.6706033371392913
2089,0.6604324529820255
2090,0.7306626491989445
2091,0.7862371201883341
2092,0.8268491932539588
2093,0.6752756613994824
2094,0.6932006134968426
2095,0.6532399170541808
2096,0.6888722061629515
2097,0.6546394943288847
2098,0.626896990899176
2099,0.5684344929078411
2100,0.7158731612989286
2101,0.6926994924988089
2102,0.7265761705683621
2103,0.7108527109877099
2104,0.6973942014680441
2105,0.6230748754051404
2106,0.6316412297317017
2107,0.5732909659450762
2108,0.6181204442493158
2109,0.7103358156634048
2110,0.6865553146079899
2111,0.7354957547876686
2112,0.7193608871919732
2113,0.7285270678079002
2114,0.7360351951751422
2115,0.7559668438516176
2116,0.6999253732054972
2117,0.7567107282713051
2118,0.7048510652512487
2119,0.7177888240329037
2120,0.7621308509755205
2121,0.7239261874357092
2122,0.7752185560695268
2123,0.7717781297335663
2124,0.7813810988265241
2125,0.7253380365764615
2126,0.7163949766473191
2127,0.7036582208444256
2128,0.655730616818429
2129,0.6746288579652029
2130,0.670122229771598
2131,0.6530846637411725
2132,0.6072222515752099
2133,0.587767618609772
2134,0.559131587685717
2135,0.6686815869153387
2136,0.6515343474775588
2137,0.676571690888013
2138,0.6643825723235224
2139,0.6860600432452487
2140,0.7028076531877475
2141,0.6816227425401368
2142,0.7065594260881894
2143,0.7167431351004475
2144,0.7297718785107519
2145,0.7249847495880042
2146,0.7500476686646258
2147,0.6693214131190673
2148,0.6796619962681885
2149,0.706388387210782
2150,0.6282268177968422
2151,0.5823530185313418
2152,0.5399915927895819
2153,0.5135548015000343
2154,0.4828599484855183
2155,0.5152808172020976
2156,0.6715667104192036
2157,0.6720490996754516
2158,0.715525521518288
2159,0.7353160489006851
2160,0.6844124844201894
2161,0.6908657777095203
2162,0.7014494899923289
2163,0.6801515763674248
2164,0.7677877739939749
2165,0.8100631566962032
2166,0.7365751200253832
2167,0.7582012157152184
2168,0.7331638346203991
2169,0.7489441094177886
2170,0.6989115371891854
2171,0.7065594260881894
2172,0.7204112656675812
2173,0.7167431351004475
2174,0.7513376318642546
2175,0.7589478211938703
2176,0.7752185560695268
2177,0.7228695200344522
2178,0.724278841987179
2179,0.7084445449490343
2180,0.6496800431154415
2181,0.6506064058450408
2182,0.662799050231766
2183,0.6840835458051745
2184,0.676571690888013
2185,0.7285270678079002
2186,0.757455542174406
2187,0.7450973534442424
2188,0.7207618210789664
2189,0.6806415293834153
2190,0.6486013818724284
2191,0.6694814573571042
2192,0.6159503102533136
2193,0.7310192964188983
2194,0.7115426237461968
2195,0.7385589281755031
2196,0.7163949766473191
2197,0.8116825137228773
2198,0.8151367070980046
2199,0.8782303055098019
2200,0.8599610759696572
2201,0.6688415030631601
2202,0.6923656384895227
2203,0.6165280496511748
2204,0.6458378459377508
2205,0.6399001504154901
2206,0.6063720976506116
2207,0.6145087749822482
2208,0.6353787673172092
2209,0.681131917964742
2210,0.6860600432452487
2211,0.7165690299179109
2212,0.7513376318642546
2213,0.8018252086599927
2214,0.7418193282072645
2215,0.7541109830530017
2216,0.7271076069603183
2217,0.6997562426818096
2218,0.683426253289592
2219,0.6985739934843667
2220,0.7246317072187094
2221,0.6930335448117173
2222,0.679825162046414
2223,0.7051923438328532
2224,0.6547952651500081
2225,0.6279309913353609
2226,0.6666074580669142
2227,0.6972258875259286
2228,0.6785214364157323
2229,0.7093034424568192
2230,0.6738213215403542
2231,0.6560427882899508
2232,0.6493716189742265
2233,0.6147967452110733
2234,0.6149408209107483
2235,0.6213206394776719
2236,0.5946249257124203
2237,0.6181204442493158
2238,0.6028458320723192
2239,0.6100668128512987
2240,0.5887216528798481
2241,0.6246883696203046
2242,0.6233678567716439
2243,0.5435551285141355
2244,0.6585467375337604
2245,0.6295601562534077
2246,0.6021436669364137
2247,0.5925572952787443
2248,0.6456847707753567
2249,0.5637589104299714
2250,0.6654938349923469
2251,0.665017315584384
2252,0.6714060499361902
2253,0.6624828942906067
2254,0.6216125938328825
2255,0.5972569771951998
2256,0.593521078182708
2257,0.5043605234648618
2258,0.5228458894926231
2259,0.5031281304668592
2260,0.5888581315739988
2261,0.6232213725900784
2262,0.638237670213855
2263,0.6004626259291406
2264,0.5762032714368667
2265,0.5420769843974754
2266,0.43892464824117833
2267,0.39475701620552267
2268,0.39713652824622764
2269,0.6325357042490359
2270,0.6458378459377508
2271,0.6136459278339933
2272,0.5742156056508193
2273,0.5381600107406588
2274,0.49199022264958486
2275,0.44651715786066426
2276,0.45134887587272504
2277,0.6280788546844055
2278,0.6751139041982831
2279,0.6618511420072123
2280,0.6999253732054972
2281,0.687712557745769
2282,0.6837548021376006
2283,0.6576063496506857
2284,0.6718882352551275
2285,0.6624828942906067
2286,0.6656528090578004
2287,0.7347772879573491
2288,0.6835905347012827
2289,0.7662742658726045
2290,0.7911299033171051
2291,0.8190183988164641
2292,0.7842903098764492
2293,0.7740696506381665
2294,0.787017467811273
2295,0.7811876138861881
2296,0.841936479774544
2297,0.8137122445130414
2298,0.7946756479119516
2299,0.7608182287142757
2300,0.7602565056234425
2301,0.7839016445155136
2302,0.7369353049458414
2303,0.6977310436787264
2304,0.726399130920089
2305,0.7029776914627006
2306,0.6997562426818096
2307,0.6925325725524246
2308,0.722341878930014
2309,0.7170915012697571
2310,0.7625064035776128
2311,0.7827370908975253
2312,0.7994333855620606
2313,0.745828188231012
2314,0.7094753820364448
2315,0.6885406232526746
2316,0.6058061540864794
2317,0.7303061811497458
2318,0.7288824720048658
2319,0.6814591066858555
2320,0.7679772232213424
2321,0.7324481219859684
2322,0.7351364310318921
2323,0.7108527109877099
2324,0.720586517219897
2325,0.7342389760885862
2326,0.6635902269424221
2327,0.5645347795778861
2328,0.5653120425855928
2329,0.6103521339552542
2330,0.6601177533709046
2331,0.6364301956383905
2332,0.5196864834096176
2333,0.43751973868457655
2334,0.5428153969297803
2335,0.5508972657045925
2336,0.5462783539154125
2337,0.5100110114813002
2338,0.5596433284091692
2339,0.4813770123766884
2340,0.6246883696203046
2341,0.6374837866263867
2342,0.6185556583363825
2343,0.5822184271312912
2344,0.5894042865186042
2345,0.5259114251048241
2346,0.55938740872366
2347,0.546775344947413
2348,0.5478956407234604
2349,0.6353787673172092
2350,0.7004329375025381
2351,0.6777082057939803
2352,0.6391438274431056
2353,0.6049585290215393
2354,0.6314922657207925
2355,0.5655714294986673
2356,0.6008823222793694
2357,0.5132104987522426
2358,0.5162043432815187
2359,0.4554598081752181
2360,0.4876663664067957
2361,0.4219977471876866
2362,0.5220244408872112
2363,0.568043014633155
2364,0.6266019434038231
2365,0.6643825723235224
2366,0.6510701717423524
2367,0.6631153928687217
2368,0.6984053290349048
2369,0.7232215433984797
2370,0.5380381570572219
2371,0.5297157290410928
2372,0.5397469173792512
2373,0.5715787144994592
2374,0.5696110151943586
2375,0.5441725214796522
2376,0.5529099012397437
2377,0.5915954185697664
2378,0.6551068256597022
2379,0.5670007126607074
2380,0.5485192693104677
2381,0.5199196443023634
2382,0.4350982872708586
2383,0.38725131739042157
2384,0.45812810322106823
2385,0.5640173513844488
2386,0.658076365503918
2387,0.578199635996725
2388,0.6159503102533136
2389,0.5811433554784076
2390,0.5819494126613589
2391,0.5777996895380687
2392,0.5336755079707475
2393,0.5129811121404628
2394,0.5417082543587515
2395,0.5199196443023634
2396,0.5559463025269024
2397,0.6624828942906067
2398,0.670122229771598
2399,0.6484474939005985
2400,0.6123544339047545
2401,0.609639034512424
2402,0.6412643575909099
2403,0.6501429904889579
2404,0.6010222847477856
2405,0.5937968125989507
2406,0.5752746103250496
2407,0.5345203244084351
2408,0.588176238211272
2409,0.6566676836189407
2410,0.6868857193952003
2411,0.6863901541979761
2412,0.6953774104621354
2413,0.7381977372853521
2414,0.6642240338533915
2415,0.6706033371392913
2416,0.5156268875971065
2417,0.5424460318191325
2418,0.4488279749891239
2419,0.4065899907266557
2420,0.3683584409050507
2421,0.32320278990507567
2422,0.39754871930706065
2423,0.4266685816857833
2424,0.33317655597164486
2425,0.3029348849159482
2426,0.29017375463761896
2427,0.2839364436458715
2428,0.33006411653223033
2429,0.27640834097749556
2430,0.23841516692368883
2431,0.21461329410189622
2432,0.2033083626557457
2433,0.1916288625608815
2434,0.1969510152042634
2435,0.20219584971525464
2436,0.27259803313751324
2437,0.18738567602449532
2438,0.20545982210944408
2439,0.20337406688857995
2440,0.1859053967436028
2441,0.17184434548856248
2442,0.19057749742284402
2443,0.203867911734222
2444,0.29946205267413384
2445,0.17616586643619403
2446,0.1893862025893998
2447,0.2451378673327986
2448,0.28727194495784036
2449,0.7950707813869807
2450,0.7418193282072645
2451,0.7454626787499387
2452,0.8463994858619843
2453,0.8141189367140876
2454,0.8266419568554002
2455,0.7982406858736582
2456,0.7754102056501111
2457,0.7450973534442424
2458,0.7072442215631817
2459,0.6872162571460367
2460,0.7524454676222125
2461,0.7465599346101215
2462,0.763446237460594
2463,0.7440027251233684
2464,0.7585744063301616
2465,0.7598823047408467
2466,0.8387660204730519
2467,0.8339325979576526
2468,0.9033985540021064
2469,0.7994333855620606
2470,0.7874080135344463
2471,0.8318416675753784
2472,0.8235409847634833
2473,0.841936479774544
2474,0.8358199060979548
2475,0.7641991509547775
2476,0.8330954715515138
2477,0.8316329156601598
2478,0.8658533756267661
2479,0.7740696506381665
2480,0.7405493139510384
2481,0.7471093204679671
2482,0.7811876138861881
2483,0.7531851570797227
2484,0.784873747664141
2485,0.8092549671348002
2486,0.7897562067881067
2487,0.7823493619818116
2488,0.8198384660044546
2489,0.8143223752366985
2490,0.7998313950939268
2491,0.824986367210971
2492,0.8593093520396904
2493,0.8052285487109622
2494,0.8519648078330133
2495,0.8619197869565647
2496,0.8417246602202095
2497,0.5223763214768499
2498,0.5010084665278549
2499,0.5300741546676745
2500,0.5106944491943773
2501,0.5403588923723686
2502,0.561439245365331
2503,0.5325918970631923
2504,0.5490187890085976
2505,0.5294769341095424
2506,0.48552264819409624
2507,0.4925341828213929
2508,0.4871293131035891
2509,0.5030162619466527
2510,0.5257930744999189
2511,0.5949013021533587
2512,0.6380868279550768
2513,0.6626409790821376
2514,0.6109233849480357
2515,0.6187007776398302
2516,0.6252763944744703
2517,0.6267494174075106
2518,0.5975348321701681
2519,0.6065137137099452
2520,0.6150848837430942
2521,0.6738213215403542
2522,0.8926372192561274
2523,0.668361957331376
2524,0.7511531805062542
2525,0.46251974891351383
2526,0.7548526730949039
2527,0.7885810285279677
2528,0.9771406286893345
2529,0.7852629624481633
2530,0.5861366415384649
2531,0.6482935925150768
2532,0.5550585280403004
2533,0.8262276726938089
2534,0.8133057986342914
2535,0.7371154954453859
2536,0.7354957547876686
2537,0.6482935925150768
2538,0.6286708544376141
2539,0.6535506201772553
2540,0.8498190780449295
2541,0.7369353049458414
2542,0.5831611812641406
2543,0.6300053656534436
2544,0.6380868279550768
2545,0.6469108091453212
2546,0.4743603466097127
2547,0.5931077507370758
2548,0.8638838814383072
2549,0.5705282000228646
2550,1.0
2551,0.8192233223883494
2552,0.6076478596101551
2553,0.7591346127653961
2554,0.5404813646265092
2555,0.744549775880557
2556,0.7103358156634048
2557,0.8890090008225001
2558,0.6388415975945148
2559,0.7887767438173467
2560,0.8517499365916762
2561,0.6114953032724806
2562,0.6634319223236963
2563,0.5954545374617662
2564,0.6577629953201181
2565,0.6736599944758862
2566,0.6694814573571042
2567,0.6832620831965633
2568,0.4197758458864509
2569,0.6452256985940958
2570,0.6450728034120189
2571,0.5257930744999189
2572,0.6046762986415837
2573,0.5567086496372804
2574,0.7333428965991505
2575,0.7804142570922648
2576,0.7905408047349208
2577,0.7028076531877475
2578,0.7694948343201679
2579,0.5671308501443257
2580,0.47696305437775177
2581,0.7174400752921206
2582,0.593521078182708
2583,0.7110251121085851
2584,0.48445533337045427
2585,0.56440539121527
2586,0.6512248317578043
2587,0.6441562010821443
2588,0.6923656384895227
2589,0.6082159526870282
2590,0.6100668128512987
2591,0.6417198762698186
2592,0.6440036202921048
2593,0.7689253247022985
2594,0.5195699083206647
2595,0.8070374176363415
2596,0.7595083642806119
2597,0.5866796868833072
2598,0.5150502530252536
2599,0.4634247169974822
2600,0.5563273114630092
2601,0.8050278629116614
2602,0.6858950926330682
2603,0.518173905398998
2604,0.6406575850728249
2605,0.6615355454209566
2606,0.6519989925562153
2607,0.6319392320042971
2608,0.6561989728392459
2609,0.6860600432452487
2610,0.6137896124332767
2611,0.5868155208211191
2612,0.5466510199594544
2613,0.7051923438328532
2614,0.4305819084276197
2615,0.5502702226047407
2616,0.705875445498062
