,x
0,0.17577388054103082
1,0.20071728290840046
2,0.20240701320658175
3,0.18838769751835918
4,0.16980577867462582
5,0.14299472810568897
6,0.226621708672736
7,0.2324558948693672
8,0.31465908386903774
9,0.3494134878005809
10,0.29898169063637475
11,0.3430116964127808
12,0.2962182584750576
13,0.4346772918735353
14,0.4297597105312566
15,0.49374074892756703
16,0.5127538970395691
17,0.47447971366359265
18,0.4691141361075902
19,0.43038611822989015
20,0.4103262408381236
21,0.40891535107096466
22,0.494639821229095
23,0.49135341250603254
24,0.5418742600930306
25,0.4978030908243063
26,0.4712227672036576
27,0.5020610709876442
28,0.42652142100504686
29,0.5702339053518465
30,0.6309310583580608
31,0.5789395594926336
32,0.6016363753644794
33,0.47376922839097013
34,0.42776315055981634
35,0.3462869862256206
36,0.2267794954937455
37,0.25621136221695584
38,0.6439388610143206
39,0.6327691936134642
40,0.669429427800599
41,0.6244490245713872
42,0.6443572347473405
43,0.7080453638252194
44,0.6449854279762472
45,0.5762012197538806
46,0.6107520204729239
47,0.633998316848489
48,0.5762012197538806
49,0.5261654853496289
50,0.4520059781918702
51,0.564166798532166
52,0.49629355977256806
53,0.6078241483298518
54,0.4763333876335608
55,0.4763333876335608
56,0.4249141718803789
57,0.42026103189602065
58,0.40138231239781424
59,0.30756579693995373
60,0.34357022501873774
61,0.6101650401308726
62,0.6024055290988698
63,0.5745660206834811
64,0.5760192425852493
65,0.5824316139695127
66,0.6845563460518431
67,0.629099558870596
68,0.6377035327782468
69,0.6337932570066085
70,0.571673368309351
71,0.5829854041303641
72,0.6266678358787114
73,0.6311349674285746
74,0.6782770311858628
75,0.6762737894167304
76,0.6947990003243089
77,0.6676770537769343
78,0.6884037801923395
79,0.7249821327411508
80,0.734005271870295
81,0.7281368534810331
82,0.6863635920425785
83,0.7419202010662445
84,0.7431663245417359
85,0.6931933583242833
86,0.7225668223543885
87,0.6950287514541204
88,0.7054650210408691
89,0.7085157626236191
90,0.691592283873725
91,0.6934224557712316
92,0.7419202010662445
93,0.7662990950956144
94,0.7629411322314724
95,0.7552602623733802
96,0.7201613740258277
97,0.713240934264486
98,0.6825302033491681
99,0.7369612012475075
100,0.6437298005605171
101,0.7785907222926257
102,0.8388369125683034
103,0.7621687685718643
104,0.7598573953397955
105,0.7499397922306182
106,0.6776084709918593
107,0.7242565014562271
108,0.7529744331473031
109,0.8003424702645991
110,0.8006155936570934
111,0.7512024065473916
112,0.7434158563674413
113,0.7125296961164779
114,0.769935542119077
115,0.6519459428869443
116,0.6725097818498078
117,0.6020207987066069
118,0.5852071792030865
119,0.49795436617875166
120,0.4150753847414842
121,0.3843556548094692
122,0.6818564666961069
123,0.28696240400647005
124,0.6433119322898917
125,0.6295059866599351
126,0.7454158043363114
127,0.6856851861925968
128,0.7529744331473031
129,0.6681146151315209
130,0.7404282252216297
131,0.7286236874198366
132,0.7624261170807116
133,0.779912429722197
134,0.7741172733910796
135,0.7411737538362244
136,0.6527959567106585
137,0.7211223727592464
138,0.7168102300486922
139,0.7715004576049094
140,0.6738352934652829
141,0.629709323037303
142,0.6172555313934747
143,0.49599235532274666
144,0.49947035208060425
145,0.4268934471557283
146,0.5796725409223253
147,0.47334359289737865
148,0.6687716220539699
149,0.7419202010662445
150,0.6437298005605171
151,0.6321557429066675
152,0.5951478937189552
153,0.6228414842140368
154,0.649192855995619
155,0.6654945542104198
156,0.7305750164165472
157,0.7120560212644723
158,0.6236446094555727
159,0.5435621495086944
160,0.5574817475397985
161,0.5850216262279789
162,0.6105562820902349
163,0.5859501293060558
164,0.47905935394353616
165,0.7327779205155172
166,0.7389399188546076
167,0.7804418774700781
168,0.7049971105673347
169,0.6727304766224641
170,0.5091576729011977
171,0.5581807210282493
172,0.565409244774189
173,0.5195643846956965
174,0.4953906465514389
175,0.5023669873874197
176,0.691592283873725
177,0.696870131890434
178,0.7532279964842228
179,0.6820809543838806
180,0.6863635920425785
181,0.6758296169801121
182,0.5936339326277604
183,0.5373499510021154
184,0.6039475266375418
185,0.6521583176848187
186,0.6991803100124785
187,0.7026632742241363
188,0.7919315120520386
189,0.7908540686291392
190,0.7754297363299698
191,0.6989488684917663
192,0.6637549041880565
193,0.6368778311619232
194,0.8091388225666928
195,0.85966723917799
196,0.8731930308418506
197,0.818613805145548
198,0.7743795493494898
199,0.7374552720148428
200,0.6977930740979161
201,0.6416438221815979
202,0.6744992594031322
203,0.6447759458323683
204,0.649192855995619
205,0.8287931078453288
206,0.8744076930356772
207,0.894433980429202
208,0.8339402103066953
209,0.8000694600203985
210,0.7887045238317782
211,0.7421692211620441
212,0.6845563460518431
213,0.8789808391658859
214,0.8507903421819576
215,0.8900743861939643
216,0.8671501283415816
217,0.8200185038452217
218,0.8225543287761814
219,0.7905849863004515
220,0.8487350149278321
221,0.8692593942339641
222,0.892250981762567
223,0.9035464954004023
224,0.9019674422657713
225,0.8581800214470243
226,0.7735930460741002
227,0.7431663245417359
228,0.7822983933869901
229,0.7889728280563788
230,0.8234017141364642
231,0.938146890085681
232,0.9328732955018721
233,0.9647140686596969
234,0.9781605246339128
235,0.9143725315523002
236,0.8710722597124122
237,0.8753200255465066
238,0.7796478698281363
239,0.8759288842220755
240,0.7968021439320957
241,0.9276351653881565
242,0.8744076930356772
243,0.9545206520507636
244,0.9548583529027906
245,0.9427905834508623
246,0.8683546667494957
247,0.8680533431660794
248,0.861157567421088
249,0.8863579173810646
250,0.8851232448323726
251,0.896310234107001
252,0.8319339755667083
253,0.8041765177361034
254,0.7785907222926257
255,0.8605610624065616
256,0.8516730364579468
257,0.9374857423535863
258,0.8575860037045518
259,0.8665486144865192
260,0.8885235839573479
261,0.7984337717865247
262,0.7504445265313213
263,0.7010352410201579
264,0.6683335287471398
265,0.5974279060277377
266,0.5793059047113118
267,0.7854935132619884
268,0.8113562135099245
269,0.8003424702645991
270,0.8028046603248871
271,0.8428956156285135
272,0.8759288842220755
273,0.8158131463612416
274,0.8163723478400646
275,0.825950221622324
276,0.8452255319885227
277,0.8561031287476074
278,0.880818158271701
279,0.8985051789717957
280,0.9551961965655891
281,0.8959971968685729
282,0.9384776732551626
283,0.8823527900709138
284,0.9191981730575505
285,0.8744076930356772
286,0.7968021439320957
287,0.8656472865933691
288,0.8327930745763542
289,0.8382590284930305
290,0.8566959071169957
291,0.8780639100637202
292,0.8774532638265031
293,0.8731930308418506
294,0.8938096119467087
295,0.8750157873676213
296,0.8531466521858674
297,0.8725864620476941
298,0.8814316251515006
299,0.8629500772268108
300,0.810801175448698
301,0.8731930308418506
302,0.8499087524221716
303,0.8336532472408498
304,0.787097026787067
305,0.7082805152316285
306,0.6809594269547894
307,0.6295059866599351
308,0.6749423522965926
309,0.872889682968057
310,0.9204901655528491
311,0.8155337197574609
312,0.8590719792227586
313,0.8127458260928059
314,0.7675954173299778
315,0.7570439904559806
316,0.739187715513574
317,0.7266787418401875
318,0.8333664036335381
319,0.8428956156285135
320,0.8635485802742039
321,0.8823527900709138
322,0.8756243911451849
323,0.8428956156285135
324,0.8160926890377962
325,0.8138595947013659
326,0.7642305281313722
327,0.6920492684790176
328,0.7722843689892547
329,0.8133024792022142
330,0.843768423602393
331,0.8997623332283017
332,0.883275113926598
333,0.853441744628115
334,0.8333664036335381
335,0.7367143178160188
336,0.7249821327411508
337,0.6458242014425291
338,0.825950221622324
339,0.822836673141046
340,0.8130240948751397
341,0.7846932469262906
342,0.7611404338582638
343,0.8006155936570934
344,0.8994478466307898
345,0.8222721017617914
346,0.7884363305627952
347,0.7367143178160188
348,0.7881682481989741
349,0.7426675681599609
350,0.7807067654232898
351,0.7419202010662445
352,0.8119117124877451
353,0.7547515687059095
354,0.7125296961164779
355,0.7276504181448671
356,0.6622373230802293
357,0.7247401566388899
358,0.6798401739815626
359,0.7085157626236191
360,0.6401886285698981
361,0.5747474213838906
362,0.5276287297827195
363,0.5130681377437307
364,0.5105610555970497
365,0.6628871887675504
366,0.6418520420795227
367,0.6385305646305107
368,0.6519459428869443
369,0.6162646189853729
370,0.6462440956396919
371,0.6517336537971028
372,0.6982551093832394
373,0.6527959567106585
374,0.5531380720124447
375,0.6410196654318764
376,0.5673686251417884
377,0.4982570929927542
378,0.47949159723090495
379,0.39235857955796033
380,0.46883390240601736
381,0.5813260118259094
382,0.5052850811894455
383,0.4996222744716769
384,0.44802026463443684
385,0.41304827462614135
386,0.34638117876577423
387,0.3179947545789361
388,0.32881929060245396
389,0.54086470664828
390,0.604720374823698
391,0.5422113073195953
392,0.49389044921290054
393,0.5140123310334117
394,0.48824238600708714
395,0.5722143442733656
396,0.4699561302714862
397,0.48883301564083326
398,0.49179991222644154
399,0.5211646688377625
400,0.5276287297827195
401,0.5557391344021023
402,0.505130959439072
403,0.4554973767930466
404,0.49795436617875166
405,0.49629355977256806
406,0.5124399011738483
407,0.5276287297827195
408,0.5949583845304545
409,0.604720374823698
410,0.6200406704688963
411,0.564166798532166
412,0.586508117913428
413,0.5613398014883232
414,0.39921472221912085
415,0.4046048507353266
416,0.4641027030295583
417,0.41009065117917076
418,0.386417767477514
419,0.38882371542842875
420,0.3781498338623336
421,0.4006961471773438
422,0.4747642908010387
423,0.4388954945994021
424,0.5418742600930306
425,0.5219671585002851
426,0.5159073572789858
427,0.5146430213576026
428,0.6166607458068676
429,0.5664769403995128
430,0.6140915837096153
431,0.6218393880450912
432,0.6527959567106585
433,0.499166684122849
434,0.5229322183284826
435,0.44368829891186723
436,0.3799550011054682
437,0.40333482657502434
438,0.3679615520079093
439,0.31665477686159993
440,0.3009993886364658
441,0.2599971475380719
442,0.3503683457121607
443,0.44907866628192356
444,0.39683678830276
445,0.4568494864587546
446,0.39447740782897334
447,0.4876526692113712
448,0.4397970790773752
449,0.5124399011738483
450,0.5119693659785013
451,0.4850101974481188
452,0.5488370031185182
453,0.4993184886395756
454,0.53188496262499
455,0.5604600248066296
456,0.555913086413633
457,0.5200438137652916
458,0.5662988150673848
459,0.5312273324319859
460,0.5144852565456272
461,0.4769056181945844
462,0.5427173752847803
463,0.49629355977256806
464,0.46424097681174537
465,0.327330154791516
466,0.28909125683319775
467,0.27061455377698973
468,0.2404934475933228
469,0.5208441117023954
470,0.4776221474069252
471,0.5023669873874197
472,0.42875992009279923
473,0.42516092752431695
474,0.4136431394192815
475,0.3855477376871137
476,0.3640081564945307
477,0.38327615401668363
478,0.3699081904539066
479,0.37572553099176487
480,0.368881948057097
481,0.3681658212953464
482,0.3854391654289953
483,0.40762760204024195
484,0.37042272963707573
485,0.4359499618101876
486,0.4316424961361889
487,0.3895933769736771
488,0.3470414855701344
489,0.3330733788634151
490,0.2996780345051037
491,0.3934718834194248
492,0.28312690611388086
493,0.36704419648294045
494,0.4119803300846609
495,0.4329036411071967
496,0.42652142100504686
497,0.37394683972645604
498,0.3507512632906851
499,0.28384518010860066
500,0.3353183499194477
501,0.22863189021527625
502,0.4147167173731505
503,0.565053909047489
504,0.44868138731659846
505,0.4046048507353266
506,0.35094293135022003
507,0.31104428806865886
508,0.2915401234882964
509,0.22735938016725465
510,0.47376922839097013
511,0.4976518741373973
512,0.4861823604636359
513,0.5566095812922673
514,0.505747806168917
515,0.5583556369444327
516,0.4620349449050127
517,0.4339160031744792
518,0.4841334492222476
519,0.51228299498841
520,0.4916510213674176
521,0.5187665833619135
522,0.5809580629528716
523,0.5720339474918721
524,0.5260032205385722
525,0.5160656768524842
526,0.4565786507687565
527,0.5099367227516911
528,0.4763333876335608
529,0.45712052938545944
530,0.44907866628192356
531,0.48515651978771285
532,0.45254086231951973
533,0.45888737221155057
534,0.43773983107755016
535,0.3934718834194248
536,0.398080048290019
537,0.3938066837507657
538,0.4330300185830632
539,0.39080689886544073
540,0.43684370772636166
541,0.4442104911699689
542,0.36471357785307684
543,0.376671719220923
544,0.31807875737927793
545,0.2919136359695943
546,0.34789292338128863
547,0.28420525495430166
548,0.41316715818484695
549,0.3686771522486342
550,0.39819332517694306
551,0.335950578206847
552,0.35267424310402534
553,0.32996419519216413
554,0.3426400184087469
555,0.35267424310402534
556,0.37446882658681246
557,0.2936402423168964
558,0.27041252956858325
559,0.27380698730215686
560,0.26069962970446936
561,0.2611480366916268
562,0.2676723002942548
563,0.3176590429231267
564,0.30820894898915296
565,0.28688937877298376
566,0.36100534957366304
567,0.34808251038816973
568,0.3344179321612563
569,0.30837002206795877
570,0.3195959463009376
571,0.30982483075172557
572,0.2769124442820919
573,0.22028422835911338
574,0.17088434363660715
575,0.17190249675956304
576,0.1737864927163859
577,0.19132373417474363
578,0.4063451518507064
579,0.39425366653902694
580,0.42442121936088073
581,0.4674359581420705
582,0.4234375449241956
583,0.31590439167866796
584,0.3201886030249061
585,0.3333417082617892
586,0.2976723769758688
587,0.2683370963719076
588,0.27203457640976475
589,0.49554098629186943
590,0.654500108184979
591,0.48794741360389876
592,0.5580058741601707
593,0.4952403650702095
594,0.4789153838977291
595,0.4985600547845286
596,0.5562611964258021
597,0.5524470500293788
598,0.6262636866252174
599,0.6256580708002946
600,0.5853928059657046
601,0.6929643540925501
602,0.6877228879239722
603,0.723290377926677
604,0.6381168822762032
605,0.6738352934652829
606,0.6406039796774258
607,0.6408117807050783
608,0.5852071792030865
609,0.6769407241006489
610,0.6406039796774258
611,0.6481378154848692
612,0.7045295816201931
613,0.7220849451491914
614,0.7347428911734271
615,0.7532279964842228
616,0.7575545715472718
617,0.8014356432397938
618,0.8135809791267198
619,0.7873646660343009
620,0.7389399188546076
621,0.7045295816201931
622,0.7271643810511879
623,0.7683744942216728
624,0.71992136989336
625,0.6707474400733182
626,0.6998752006228989
627,0.7509496760039751
628,0.7416712831775069
629,0.7791190777514723
630,0.8110786368909959
631,0.7846932469262906
632,0.7327779205155172
633,0.6881767238198512
634,0.7606269014222037
635,0.7196814638925654
636,0.8305045257919942
637,0.7421692211620441
638,0.8572891808952968
639,0.8823527900709138
640,0.806653039379457
641,0.8452255319885227
642,0.8287931078453288
643,0.7720229573869076
644,0.8829675437722121
645,0.8713748467375925
646,0.8891435145613438
647,0.8502024930449531
648,0.784959892103354
649,0.7862947727636667
650,0.7683744942216728
651,0.8478559964859909
652,0.7949036951965556
653,0.7466691131571414
654,0.7662990950956144
655,0.7504445265313213
656,0.7704567503619313
657,0.7634565718805085
658,0.7322876838643082
659,0.7670765677911621
660,0.7631987989696304
661,0.7815020861968688
662,0.7696750991714574
663,0.7815020861968688
664,0.7291109203217748
665,0.7431663245417359
666,0.7922011516883504
667,0.7320427161906169
668,0.7281368534810331
669,0.6785000655073895
670,0.7386922238491105
671,0.7230490940412303
672,0.7984337717865247
673,0.7900471555208893
674,0.7325327519574685
675,0.7082805152316285
676,0.7008030438040175
677,0.6727304766224641
678,0.6305234859492933
679,0.6731721346430604
680,0.6659303475539509
681,0.6809594269547894
682,0.6954885344105485
683,0.6517336537971028
684,0.6089931901939939
685,0.6639720525622301
686,0.6435208243315974
687,0.6547135144791044
688,0.5919364841745062
689,0.6080187939536004
690,0.5947689508524422
691,0.6072406780837203
692,0.6010603154732607
693,0.543055085685857
694,0.5495223302979074
695,0.5597574536685043
696,0.5885597822006741
697,0.6054944588825787
698,0.6483486533945392
699,0.6510973003921265
700,0.622039646547279
701,0.6494041195770399
702,0.6462440956396919
703,0.6657124067809949
704,0.5740222499451574
705,0.5725753523750245
706,0.5110299439111753
707,0.4812255792403524
708,0.4468334141603428
709,0.3334312158805375
710,0.3418057103040237
711,0.3395941380887176
712,0.47733537008595905
713,0.41651410832834074
714,0.4590236475933958
715,0.4681342592364126
716,0.43076253227867234
717,0.4460444385412584
718,0.4940402075037739
719,0.48064669335212706
720,0.48898081586678277
721,0.4628606217804585
722,0.4290095840867971
723,0.4439492956752118
724,0.4031044741833412
725,0.41639396644926663
726,0.4457818471149
727,0.3485570815774833
728,0.30264262104847994
729,0.3422688788729974
730,0.3603094316876752
731,0.321804737074321
732,0.322231863813813
733,0.26360101837891686
734,0.1966667525442114
735,0.21842711315441884
736,0.20160407073168266
737,0.1966667525442114
738,0.22013281622104283
739,0.20928062960158356
740,0.417718017395642
741,0.38070161081729764
742,0.4695348905655528
743,0.4376116676269263
744,0.453344721866222
745,0.40868081963126107
746,0.44095978829049454
747,0.4282611583618382
748,0.424051993264462
749,0.46451768350439976
750,0.41186189228455305
751,0.3880560531922231
752,0.38533063343956625
753,0.3926921356253727
754,0.4885375866197369
755,0.4273901386953943
756,0.4971985758258435
757,0.42038263045419816
758,0.40588011523395295
759,0.3511347390793548
760,0.30950073690766955
761,0.31268036884335787
762,0.491204694453434
763,0.5634583719830789
764,0.5251928481026852
765,0.5327084516114842
766,0.5471284005793563
767,0.5348570938270616
768,0.43480434178103294
769,0.5068295995715001
770,0.5655870180876035
771,0.5194046997903004
772,0.6451949945713994
773,0.6485595763623573
774,0.6462440956396919
775,0.532873343191844
776,0.6103606219878336
777,0.7286236874198366
778,0.7624261170807116
779,0.7780628030549833
780,0.7938213351734791
781,0.7844267119505659
782,0.7785907222926257
783,0.7439152275204285
784,0.817212021530973
785,0.782829813520871
786,0.8316478475659894
787,0.7629411322314724
788,0.7517081794838139
789,0.7364675356248925
790,0.6615882455378536
791,0.8683546667494957
792,0.8443509024148005
793,0.8446423240364664
794,0.867451074019831
795,0.852556836766983
796,0.8510844508084046
797,0.8575860037045518
798,0.8305045257919942
799,0.8191753344428115
800,0.8716775604256394
801,0.8686561164167602
802,0.7922011516883504
803,0.8350892582473467
804,0.8116339053579958
805,0.8716775604256394
806,0.8765382530443331
807,0.9417931947500627
808,0.8744076930356772
809,0.9048121289089721
810,0.9524974422791842
811,0.95654900064255
812,0.9521607392604557
813,0.9153352241084077
814,0.8953715165231342
815,0.914051904008673
816,0.9667683258034213
817,0.8756243911451849
818,0.95654900064255
819,0.9159776947045493
820,0.901336749280465
821,0.9025986654465388
822,0.8707697992920725
823,0.9051288698784657
824,0.9322165951315806
825,1.0
826,0.9118112844883248
827,0.9851428356231148
828,0.9684841973799209
829,0.9823428027680693
830,0.9757306696969142
831,0.9221082195809482
832,0.977118275405347
833,0.8371047039219036
834,0.8516730364579468
835,0.8668493085163564
836,0.8270859571528083
837,0.8268018460892326
838,0.8493216387876924
839,0.894433980429202
840,0.8762335048356316
841,0.853441744628115
842,0.8368164232043563
843,0.8102465978840722
844,0.8127458260928059
845,0.754497378789426
846,0.8725864620476941
847,0.8105238291305432
848,0.8707697992920725
849,0.8039019187171467
850,0.818613805145548
851,0.8299335782818443
852,0.7932808268790839
853,0.8036274335183671
854,0.6938809304786836
855,0.7624261170807116
856,0.722807908865327
857,0.7122928103282492
858,0.7631987989696304
859,0.7369612012475075
860,0.7386922238491105
861,0.736220854628335
862,0.7704567503619313
863,0.763972436413165
864,0.7567888574691247
865,0.7286236874198366
866,0.7809717628289847
867,0.7204014763342956
868,0.7421692211620441
869,0.6288964673857346
870,0.5826161373481324
871,0.5602842779301982
872,0.5782077410014237
873,0.5488370031185182
874,0.40891535107096466
875,0.3543198361191289
876,0.37373831437320737
877,0.32881929060245396
878,0.5213250413639524
879,0.5745660206834811
880,0.4850101974481188
881,0.38915332521627033
882,0.3434770525119607
883,0.27726048508248674
884,0.24874695737123814
885,0.2067219279593356
886,0.20009987278422256
887,0.15996413840444698
888,0.20713754324456857
889,0.24856725146801734
890,0.37984850033815476
891,0.37155805557693816
892,0.35257776086338893
893,0.25422358831650066
894,0.2516471049099217
895,0.2401508028322595
896,0.2378276563988179
897,0.1900515148895654
898,0.21439005760347477
899,0.25652390505764777
900,0.2518909110690624
901,0.23564706499628552
902,0.2406650275060672
903,0.1931507858435721
904,0.1569330317622476
905,0.13778532120926093
906,0.11842120236196242
907,0.09887439424586178
908,0.08533804812054868
909,0.10131179840370645
910,0.30636478740386575
911,0.28499962820977714
912,0.3656232153839764
913,0.41639396644926663
914,0.3753060109889916
915,0.2736016668090286
916,0.25621136221695584
917,0.2105533536145142
918,0.17310761753449078
919,0.17551909038209704
920,0.1451075043037414
921,0.530734785845307
922,0.5774770833894087
923,0.6740565257113454
924,0.6709674204635644
925,0.5974279060277377
926,0.5287703781815445
927,0.48267670842890187
928,0.42751442897755404
929,0.3395941380887176
930,0.33622202257608297
931,0.32197549608945414
932,0.6633208709413232
933,0.7056991194575677
934,0.6441480057306935
935,0.6626704792346495
936,0.7137155774528996
937,0.7583212316929194
938,0.6659303475539509
939,0.6954885344105485
940,0.7118193288815188
941,0.7056991194575677
942,0.7681146948485376
943,0.6975621975641755
944,0.7068710450629511
945,0.6725097818498078
946,0.6861373648490747
947,0.581694253113412
948,0.5874395797037784
949,0.6753858047145438
950,0.6895404479622167
951,0.7908540686291392
952,0.734251044172705
953,0.7709783887269589
954,0.81246767280255
955,0.8074806028386494
956,0.8455173184301098
957,0.8047260574420013
958,0.8200185038452217
959,0.8130240948751397
960,0.7325327519574685
961,0.8738001076825415
962,0.8629500772268108
963,0.8033530620879333
964,0.7884363305627952
965,0.8692593942339641
966,0.879592765749787
967,0.8947463612842844
968,0.9022829875512743
969,0.8575860037045518
970,0.8449338672091788
971,0.8279389998226192
972,0.9214605890765859
973,0.9256799565920159
974,0.8762335048356316
975,0.86594760358259
976,0.8581800214470243
977,0.8738001076825415
978,0.8734965057272696
979,0.8777585230011311
980,0.814696135853694
981,0.8662480461944565
982,0.8116339053579958
983,0.8102465978840722
984,0.8083091967645178
985,0.7550058632180863
986,0.8792867383670913
987,0.8322202226990578
988,0.8863579173810646
989,0.8829675437722121
990,0.8641475839744978
991,0.8423143498288098
992,0.8305045257919942
993,0.8502024930449531
994,0.9029144760125
995,0.9003917028540556
996,0.8903849371708581
997,0.8966234028030272
998,0.9124507883126293
999,0.8750157873676213
1000,0.8734965057272696
1001,0.7922011516883504
1002,0.9150141915400861
1003,0.8891435145613438
1004,0.8817385514523534
1005,0.8866669092219659
1006,0.8671501283415816
1007,0.843768423602393
1008,0.8798989213727619
1009,0.8025306298887374
1010,0.8869760306632111
1011,0.8823527900709138
1012,0.8741038367659173
1013,0.8302189926340814
1014,0.8373931047546386
1015,0.816932014033647
1016,0.7879002766898855
1017,0.7770082716587577
1018,0.7908540686291392
1019,0.7426675681599609
1020,0.7746419335733863
1021,0.7519612219710534
1022,0.6987175212416233
1023,0.6727304766224641
1024,0.7068710450629511
1025,0.7337596003057483
1026,0.6989488684917663
1027,0.7127666786728093
1028,0.6884037801923395
1029,0.5700542930110291
1030,0.6204398247618932
1031,0.6358475711663911
1032,0.6733930979713968
1033,0.630116240939792
1034,0.6184472493483409
1035,0.7021976477582631
1036,0.6456143812667187
1037,0.6936516464753678
1038,0.6135005968144878
1039,0.5661207602012751
1040,0.49644424960268707
1041,0.32776719246878255
1042,0.29221291703269614
1043,0.23261945602033718
1044,0.2170365124365978
1045,0.7125296961164779
1046,0.7130037580409152
1047,0.634819381321262
1048,0.6016363753644794
1049,0.5361847914282825
1050,0.42913448693691963
1051,0.592124789210574
1052,0.6401886285698981
1053,0.6725097818498078
1054,0.6080187939536004
1055,0.5086909703596393
1056,0.4498745890116719
1057,0.5295877593869914
1058,0.6811835503205396
1059,0.6313389584586261
1060,0.6893129294819709
1061,0.6329738416392351
1062,0.587999346691362
1063,0.5833549644961324
1064,0.7137155774528996
1065,0.7156180331780606
1066,0.7061676028660709
1067,0.6729512608734856
1068,0.6228414842140368
1069,0.7780628030549833
1070,0.8099694816568488
1071,0.7291109203217748
1072,0.7141906085880054
1073,0.6994118458462362
1074,0.7322876838643082
1075,0.7240148222863885
1076,0.7242565014562271
1077,0.7244982795588246
1078,0.6798401739815626
1079,0.6736141508987225
1080,0.7416712831775069
1081,0.7629411322314724
1082,0.7192019461088119
1083,0.6352304091371864
1084,0.6771632160983975
1085,0.6954885344105485
1086,0.7056991194575677
1087,0.7529744331473031
1088,0.7461674806850497
1089,0.7165715957358331
1090,0.6014442787519058
1091,0.5281176245605871
1092,0.4327773115073616
1093,0.5410328002845023
1094,0.7897784069687906
1095,0.825950221622324
1096,0.8239672251768269
1097,0.8116339053579958
1098,0.8680533431660794
1099,0.8602629968149692
1100,0.8913173722367183
1101,0.861754571257905
1102,0.818613805145548
1103,0.8561031287476074
1104,0.8543277615625922
1105,0.8063774136423065
1106,0.7496875806522261
1107,0.7040624338556281
1108,0.8531466521858674
1109,0.8698631770802383
1110,0.8382590284930305
1111,0.9054457440071966
1112,0.8250996591095997
1113,0.807204633925508
1114,0.7056991194575677
1115,0.8262339783778997
1116,0.8050009982327347
1117,0.8566959071169957
1118,0.9256799565920159
1119,0.9269828797345143
1120,0.9538456785156162
1121,0.9253545688054877
1122,0.9481313825161081
1123,0.8777585230011311
1124,0.8472705951044572
1125,0.8875946625846819
1126,0.8236844108742124
1127,0.8423143498288098
1128,0.8305045257919942
1129,0.7957166423249016
1130,0.7722843689892547
1131,0.7981615521394898
1132,0.7670765677911621
1133,0.8461012565225999
1134,0.8469780775200315
1135,0.8096924803964634
1136,0.786562080202047
1137,0.8050009982327347
1138,0.7291109203217748
1139,0.7416712831775069
1140,0.769935542119077
1141,0.6534343684920263
1142,0.7068710450629511
1143,0.7242565014562271
1144,0.6646240251609706
1145,0.8478559964859909
1146,0.8528516829176049
1147,0.896310234107001
1148,0.8731930308418506
1149,0.9102148767339235
1150,0.8753200255465066
1151,0.8426049221473154
1152,0.8581800214470243
1153,0.8205812010393865
1154,0.7416712831775069
1155,0.7675954173299778
1156,0.6657124067809949
1157,0.5959066862491165
1158,0.772545888464458
1159,0.7892412432870739
1160,0.7247401566388899
1161,0.6626704792346495
1162,0.5440698118996589
1163,0.4546885885293459
1164,0.341251014288308
1165,0.24210156694245896
1166,0.22772949131830927
1167,0.2324558948693672
1168,0.2121718596988628
1169,0.6564238715877356
1170,0.7439152275204285
1171,0.7276504181448671
1172,0.7436654906782022
1173,0.74466505370033
1174,0.7881682481989741
1175,0.7364675356248925
1176,0.7585769955345548
1177,0.7788548454696187
1178,0.7601137917549338
1179,0.7160946196061958
1180,0.7369612012475075
1181,0.7631987989696304
1182,0.7374552720148428
1183,0.7315530819200698
1184,0.6331785719546593
1185,0.6325646278405975
1186,0.6086031979348272
1187,0.6321557429066675
1188,0.6897680589888351
1189,0.6854592346469701
1190,0.6865899112013935
1191,0.720641676863107
1192,0.735235141672755
1193,0.8102465978840722
1194,0.7764816587088483
1195,0.6333833845965042
1196,0.6663664938653446
1197,0.6274771085776941
1198,0.6158688093561913
1199,0.5893080710085871
1200,0.5908082272859883
1201,0.6881767238198512
1202,0.7367143178160188
1203,0.6244490245713872
1204,0.6117318878114826
1205,0.5976183999115622
1206,0.5846507415094255
1207,0.6618045172124202
1208,0.6646240251609706
1209,0.5938229139465292
1210,0.5403608218669829
1211,0.44670179295816675
1212,0.31807875737927793
1213,0.2555878648338046
1214,0.21332506713176286
1215,0.19817717787006747
1216,0.6172555313934747
1217,0.6538604061679567
1218,0.6865899112013935
1219,0.6753858047145438
1220,0.6479270625952805
1221,0.6517336537971028
1222,0.6485595763623573
1223,0.7099292650988431
1224,0.6624538573519755
1225,0.6433119322898917
1226,0.6709674204635644
1227,0.7208819756566279
1228,0.703129280500597
1229,0.6872694208835591
1230,0.6753858047145438
1231,0.8163723478400646
1232,0.785226647531873
1233,0.7160946196061958
1234,0.679169711811943
1235,0.6888581699940822
1236,0.6925066251069386
1237,0.7439152275204285
1238,0.7315530819200698
1239,0.720641676863107
1240,0.6093834944610668
1241,0.7134782073872364
1242,0.5670117395037501
1243,0.6961789112195131
1244,0.6659303475539509
1245,0.7414224674495773
1246,0.7127666786728093
1247,0.604720374823698
1248,0.5566095812922673
1249,0.6020207987066069
1250,0.5664769403995128
1251,0.518926019044672
1252,0.6506734926259337
1253,0.6964092242910759
1254,0.7052310180918006
1255,0.6299127411184262
1256,0.6780540873531966
1257,0.6154733166367506
1258,0.6031759121269368
1259,0.6309310583580608
1260,0.6760516581568127
1261,0.6441480057306935
1262,0.629099558870596
1263,0.6517336537971028
1264,0.6451949945713994
1265,0.6767183223481416
1266,0.667895790154709
1267,0.6082135174059101
1268,0.6639720525622301
1269,0.6307272312104923
1270,0.592124789210574
1271,0.5323788623190043
1272,0.5025200347364964
1273,0.6144859694663274
1274,0.6216392098370405
1275,0.6240466556353056
1276,0.6078241483298518
1277,0.6148806711458962
1278,0.59971885486129
1279,0.5829854041303641
1280,0.598190337588092
1281,0.6105562820902349
1282,0.6244490245713872
1283,0.58762609447437
1284,0.5433930617659007
1285,0.5370167215330307
1286,0.5469579100060742
1287,0.453344721866222
1288,0.5474695831329109
1289,0.5281176245605871
1290,0.5305707322718709
1291,0.515116685094564
1292,0.5427173752847803
1293,0.4097375980442077
1294,0.4224568361289687
1295,0.4363327051191732
1296,0.38663567881024596
1297,0.39978364989408144
1298,0.3549030748445702
1299,0.39036504378258774
1300,0.40012551682926467
1301,0.35315718233343235
1302,0.3933603664069933
1303,0.3474195585255441
1304,0.32163410018189453
1305,0.29728877224948125
1306,0.26681146705542647
1307,0.27135709526742396
1308,0.2774695986648962
1309,0.26050778250783213
1310,0.29251261757415126
1311,0.2996780345051037
1312,0.2999882297509694
1313,0.29109277039107806
1314,0.2527468325100324
1315,0.32052793014213316
1316,0.2206380998279698
1317,0.3194268878282997
1318,0.2936402423168964
1319,0.34960418144547994
1320,0.2987500658434565
1321,0.3059658658940429
1322,0.33486773502553735
1323,0.271627807911381
1324,0.23637079000548872
1325,0.2114080006941072
1326,0.26360101837891686
1327,0.2676723002942548
1328,0.25936080696577624
1329,0.24460069467217638
1330,0.2842773451142915
1331,0.23251039721460598
1332,0.19206812193030817
1333,0.2463657295622478
1334,0.21395346386984315
1335,0.2088588369312065
1336,0.20285508312832307
1337,0.2124593245572665
1338,0.19874246192754322
1339,0.21107504906868355
1340,0.19302541218296768
1341,0.1863871796633682
1342,0.21342157179345514
1343,0.16778061257764076
1344,0.1558298553745951
1345,0.18944033250375503
1346,0.20913989653260978
1347,0.22442893357464166
1348,0.21443864652594186
1349,0.2018266495226215
1350,0.16015448713418157
1351,0.20899929902812028
1352,0.22651660383610564
1353,0.22241963437342438
1354,0.21458450766094395
1355,0.19058352616650656
1356,0.1800763610009463
1357,0.18422215952581425
1358,0.15721064776938146
1359,0.16165728162047477
1360,0.17070969907844905
1361,0.16383605815055277
1362,0.1875036380349871
1363,0.16380321938001147
1364,0.1528255993943913
1365,0.18297935663572792
1366,0.1932344338639111
1367,0.1944954778440671
1368,0.15229405062290652
1369,0.1756646182644577
1370,0.15549508378289975
1371,0.1555558713524632
1372,0.181061862791381
1373,0.16337720271213588
1374,0.18964374222553207
1375,0.14087572222824643
1376,0.13949796152021696
1377,0.1484794153939405
1378,0.16220601247079805
1379,0.17222029368229108
1380,0.15516138596406848
1381,0.19491847476984264
1382,0.18543790621378478
1383,0.22651660383610564
1384,0.2219595787440367
1385,0.17820311537273748
1386,0.17025685363526644
1387,0.18500517641644393
1388,0.1380135152144292
1389,0.21659221270989554
1390,0.231423767733957
1391,0.23398880149824564
1392,0.22552154356336995
1393,0.2385043193955701
1394,0.2524406812122424
1395,0.2569623570970907
1396,0.2979028637421376
1397,0.2656915331204121
1398,0.300765632947956
1399,0.28681637899754503
1400,0.2908694457581722
1401,0.2904234988876058
1402,0.34600461379488934
1403,0.2884282708855773
1404,0.3708350434383366
1405,0.26947249981754184
1406,0.288722674082222
1407,0.3149076135566053
1408,0.33031755154154074
1409,0.3440365947644595
1410,0.31632097517617486
1411,0.3594172968974388
1412,0.3204430528819945
1413,0.3281173880493117
1414,0.2742182661553583
1415,0.3058064947930654
1416,0.31268036884335787
1417,0.3607068805884849
1418,0.36021016038646214
1419,0.3473249887524551
1420,0.344410300064464
1421,0.3267196184802137
1422,0.3317360732143893
1423,0.2749744922665835
1424,0.37509648313421073
1425,0.41627386977042224
1426,0.38381540424722255
1427,0.4144778304768689
1428,0.4416074586049855
1429,0.4256549983806618
1430,0.5008397788949545
1431,0.4227017358552117
1432,0.48442547292585514
1433,0.4706592764943862
1434,0.4521396226554037
1435,0.40950244996965207
1436,0.40046776711069776
1437,0.4886852725667851
1438,0.44802026463443684
1439,0.441089223883418
1440,0.46534907826551675
1441,0.3914709153039303
1442,0.3424543813885991
1443,0.3745733395423615
1444,0.3393190398365631
1445,0.47362729530140313
1446,0.4557673853271936
1447,0.5469579100060742
1448,0.47178712508126275
1449,0.4293844344449377
1450,0.3376747029800102
1451,0.41044410199497455
1452,0.49224693081850474
1453,0.5277916309135282
1454,0.450007419973256
1455,0.4810807740206263
1456,0.45254086231951973
1457,0.5425486196407471
1458,0.5553914362166608
1459,0.5170168925235448
1460,0.4444718855676662
1461,0.39080689886544073
1462,0.323002620435416
1463,0.27504338257187627
1464,0.2400367403021015
1465,0.23349453048896351
1466,0.21202833579123356
1467,0.1997482958499422
1468,0.22099278015461932
1469,0.26760594603310933
1470,0.2621125203707344
1471,0.265428965450099
1472,0.2039815214090115
1473,0.17831470302960106
1474,0.14916223246815888
1475,0.13583144177256562
1476,0.1344301489152394
1477,0.18746359706315832
1478,0.1640991202978991
1479,0.15482875765712023
1480,0.1373810561305106
1481,0.13588101336039685
1482,0.12418970936249595
1483,0.12455778047281856
1484,0.12412492952365847
1485,0.13993765114475273
1486,0.17271636750231192
1487,0.1262682928937127
1488,0.10460176173068644
1489,0.12876542577519842
1490,0.15109359933659247
1491,0.1586410812260144
1492,0.18053023003573326
1493,0.1557689077523736
1494,0.20173757555370433
1495,0.1608233690966785
1496,0.16509120304838593
1497,0.16275751539401415
1498,0.18391030623025265
1499,0.16842887073518473
1500,0.1641649837392033
1501,0.16669712066876818
1502,0.19029679016789947
1503,0.20084994230288544
1504,0.21947840481401104
1505,0.20362008426867706
1506,0.23409883983440485
1507,0.21688826829421956
1508,0.21882675824425485
1509,0.20937452703874607
1510,0.21458450766094395
1511,0.25689965727908204
1512,0.22277839229870858
1513,0.23131549939900609
1514,0.22150087384229172
1515,0.22013281622104283
1516,0.21812806103524174
1517,0.2323469442586397
1518,0.2423325293791685
1519,0.235480494818665
1520,0.23907027504200376
1521,0.24559869853121044
1522,0.26893736666053253
1523,0.24701737726747255
1524,0.23980884346524353
1525,0.335950578206847
1526,0.22635907601187572
1527,0.22831281964821595
1528,0.2807742310147753
1529,0.27196672329493815
1530,0.3591205710872676
1531,0.2824825908647312
1532,0.26418666513109246
1533,0.28420525495430166
1534,0.24384134498175522
1535,0.2594243435879172
1536,0.26360101837891686
1537,0.24725493806870658
1538,0.26095573125530597
1539,0.31366761461887077
1540,0.29057204388505264
1541,0.3252432559484708
1542,0.27449292538103814
1543,0.26800441322455704
1544,0.2682039546132984
1545,0.29281273828045995
1546,0.28975633027291775
1547,0.23637079000548872
1548,0.278308227132625
1549,0.22089136025308934
1550,0.20339465366913798
1551,0.22288104548635201
1552,0.21733343426376667
1553,0.2349264573593808
1554,0.22735938016725465
1555,0.2105060183028217
1556,0.1948761151810866
1557,0.20857831833348148
1558,0.17876207948228165
1559,0.21947840481401104
1560,0.2155605439062781
1561,0.2126512772358267
1562,0.2245326678608377
1563,0.29057204388505264
1564,0.21674016844137806
1565,0.18575354624463994
1566,0.2060318912389334
1567,0.22970002562662364
1568,0.25305350185976017
1569,0.2785885449707414
1570,0.18838769751835918
1571,0.19683852900574939
1572,0.19922259890293703
1573,0.19132373417474363
1574,0.18944033250375503
1575,0.21932777994641273
1576,0.235758203998966
1577,0.19277501850054482
1578,0.18410512416766
1579,0.17988774178581943
1580,0.14876335014049363
1581,0.19593911525263455
1582,0.18015188976639432
1583,0.19735516141457404
1584,0.17296519394339627
1585,0.18622847639928505
1586,0.20178210545912265
1587,0.23698561946070976
1588,0.2272537905409691
1589,0.27074935241993164
1590,0.2818402871342444
1591,0.29341424293978513
1592,0.29721213218729087
1593,0.26444753151724754
1594,0.2666793713312688
1595,0.2690041779253224
1596,0.28946048387131046
1597,0.28269713874867447
1598,0.25759052782986963
1599,0.26974061838858765
1600,0.23614777239742676
1601,0.190953109483461
1602,0.30716475146943806
1603,0.26807090419985985
1604,0.3125982883498347
1605,0.2860150587347796
1606,0.27538819110901946
1607,0.27041252956858325
1608,0.2637960338290832
1609,0.2617904773577616
1610,0.28667045577931344
1611,0.30548809065707166
1612,0.33244840371656054
1613,0.2852892461882411
1614,0.30548809065707166
1615,0.2683370963719076
1616,0.3258500798651292
1617,0.2902750577363972
1618,0.3024071275706973
1619,0.27573359554847143
1620,0.27635682907189774
1621,0.24880689969534509
1622,0.3100682031391516
1623,0.2685369804433166
1624,0.32908302468176914
1625,0.30917710256569303
1626,0.27559536218714287
1627,0.23542500828405727
1628,0.2532992110330209
1629,0.335950578206847
1630,0.30966272634457254
1631,0.3516148702260535
1632,0.260891673131821
1633,0.24291128947949914
1634,0.22704281949006186
1635,0.24210156694245896
1636,0.3376747029800102
1637,0.28667045577931344
1638,0.3459105580001866
1639,0.334597755971671
1640,0.33049442045558763
1641,0.2911672640355393
1642,0.2645780985810647
1643,0.2696065130417672
1644,0.335950578206847
1645,0.3225741158218513
1646,0.35190336903741903
1647,0.3191735264273962
1648,0.30756579693995373
1649,0.28212550759431043
1650,0.31900476955314233
1651,0.34097411796252247
1652,0.3623025125051389
1653,0.30493196611553425
1654,0.32481074179596064
1655,0.2711543051923169
1656,0.28027863383335505
1657,0.2654945736656203
1658,0.291988416946771
1659,0.2962945492382936
1660,0.33950240549635824
1661,0.31482474083173556
1662,0.31833094570606973
1663,0.3058064947930654
1664,0.2878406963190404
1665,0.271627807911381
1666,0.30193688783106326
1667,0.4120988123748716
1668,0.3862000178359765
1669,0.4448643504828356
1670,0.3781498338623336
1671,0.32463795306479276
1672,0.2837732402589338
1673,0.4260260417763498
1674,0.44815238837982374
1675,0.401725972484236
1676,0.36320417585294046
1677,0.3597143486597234
1678,0.33858690216706383
1679,0.43569504150412236
1680,0.3374016854729485
1681,0.3513266865952852
1682,0.3881655970444586
1683,0.3144108194598701
1684,0.2536068154883699
1685,0.2492270617793891
1686,0.226621708672736
1687,0.22160269177825123
1688,0.19555547090835212
1689,0.2694055277281649
1690,0.2612763496251701
1691,0.26694365335452896
1692,0.2700091057477556
1693,0.2646434156121007
1694,0.2457754086289733
1695,0.2486271332656125
1696,0.30493196611553425
1697,0.2269374379566431
1698,0.28572443028734684
1699,0.33886120560322414
1700,0.27922068173028936
1701,0.29507710595249453
1702,0.259170326787071
1703,0.2531763148861705
1704,0.27781860398668723
1705,0.22927192636255136
1706,0.32274542564387787
1707,0.32978770754538006
1708,0.2748367829810517
1709,0.2298072270127752
1710,0.2500099971343387
1711,0.21857685818907918
1712,0.23034429614342802
1713,0.25527690817471
1714,0.2490468709881229
1715,0.2306134960641025
1716,0.20718379671946893
1717,0.19281671806977105
1718,0.1757374486915595
1719,0.192649998210289
1720,0.2621125203707344
1721,0.22150087384229172
1722,0.2774695986648962
1723,0.2670759303016227
1724,0.28507199489406176
1725,0.23120730258625147
1726,0.22099278015461932
1727,0.20448000566162483
1728,0.20429853621884697
1729,0.20741528651832672
1730,0.23844782747180698
1731,0.1921925949281014
1732,0.2218575277589607
1733,0.18068189179942507
1734,0.2243770919220273
1735,0.2275178948859015
1736,0.18774414547304422
1737,0.1672714325173896
1738,0.19632384914813628
1739,0.2155115917866475
1740,0.2860150587347796
1741,0.20098272809893336
1742,0.21351813884054185
1743,0.18579305630139212
1744,0.2004964644158434
1745,0.1596792462140935
1746,0.19856828070500424
1747,0.15377746158549946
1748,0.22959289492402277
1749,0.25596170944114305
1750,0.24032203943671307
1751,0.27189889353873464
1752,0.2949254057651814
1753,0.295001242550229
1754,0.28681637899754503
1755,0.26700978049250895
1756,0.26760594603310933
1757,0.28879633915252434
1758,0.28586969388463895
1759,0.2797137082128654
1760,0.2486271332656125
1761,0.2104113933707938
1762,0.19948519755482286
1763,0.2032145676122365
1764,0.14272722476760222
1765,0.38392337426524514
1766,0.4280120603006681
1767,0.430511542086214
1768,0.40506797566561187
1769,0.39124941179599626
1770,0.39425366653902694
1771,0.45495797857247244
1772,0.4419966522081965
1773,0.4696752498532204
1774,0.44565062638830183
1775,0.4282611583618382
1776,0.3828454726470211
1777,0.490461966967701
1778,0.471504837652276
1779,0.5348570938270616
1780,0.47819636545771405
1781,0.41699512823429485
1782,0.3005321242940017
1783,0.25484245332840627
1784,0.21907706523229817
1785,0.18875110657465227
1786,0.5919364841745062
1787,0.5919364841745062
1788,0.5689781114615966
1789,0.5595819842683315
1790,0.4985600547845286
1791,0.47733537008595905
1792,0.419532402169081
1793,0.3862000178359765
1794,0.30006584687403465
1795,0.6293027319498505
1796,0.5811420008537831
1797,0.6268700322251072
1798,0.603561565309956
1799,0.6001017470419845
1800,0.6060758342923008
1801,0.5393548322641815
1802,0.6293027319498505
1803,0.6266678358787114
1804,0.5531380720124447
1805,0.5166995731706029
1806,0.5345258200262044
1807,0.45603760038199004
1808,0.38241542905082676
1809,0.33396893963641633
1810,0.30060993308247835
1811,0.2954568226037004
1812,0.27442422503222397
1813,0.2682039546132984
1814,0.60665790704883
1815,0.5457663530326172
1816,0.5844654097005845
1817,0.5476402751723823
1818,0.4971985758258435
1819,0.43239860975819877
1820,0.4222121211200697
1821,0.3462869862256206
1822,0.31284461739640956
1823,0.6782770311858628
1824,0.6836549236173589
1825,0.6053008218844763
1826,0.6447759458323683
1827,0.6513093325880406
1828,0.6456143812667187
1829,0.6820809543838806
1830,0.61606667453941
1831,0.6925066251069386
1832,0.6581397658626785
1833,0.7106373156535161
1834,0.6615882455378536
1835,0.6861373648490747
1836,0.6206395219563687
1837,0.6451949945713994
1838,0.6228414842140368
1839,0.6890855035064641
1840,0.5450869355531495
1841,0.633998316848489
1842,0.6931933583242833
1843,0.7012675328898924
1844,0.6861373648490747
1845,0.7056991194575677
1846,0.6364654784495294
1847,0.6360534574054343
1848,0.6119280966086105
1849,0.46604337055437767
1850,0.3601109254242463
1851,0.3009993886364658
1852,0.2683370963719076
1853,0.2767039084745282
1854,0.6406039796774258
1855,0.6574956553621538
1856,0.6447759458323683
1857,0.6521583176848187
1858,0.6080187939536004
1859,0.6072406780837203
1860,0.5587056760431228
1861,0.6475058117241808
1862,0.6082135174059101
1863,0.7479249992321672
1864,0.7364675356248925
1865,0.6927354430340799
1866,0.6722891765153457
1867,0.6555680021276503
1868,0.6074350904295199
1869,0.6389445801388888
1870,0.7024304135362702
1871,0.6814077647053903
1872,0.6210391566197765
1873,0.6435208243315974
1874,0.6202402076112963
1875,0.6464541697367954
1876,0.611535757504072
1877,0.6226409041769403
1878,0.6051072622315621
1879,0.5758373375868894
1880,0.6637549041880565
1881,0.7471711579897472
1882,0.6670213758404191
1883,0.663537843660885
1884,0.6568523252715646
1885,0.7230490940412303
1886,0.7741172733910796
1887,0.7291109203217748
1888,0.7409251422912367
1889,0.7570439904559806
1890,0.7691545353800255
1891,0.7104012024404461
1892,0.6542867880608054
1893,0.6381168822762032
1894,0.5736600952705213
1895,0.565053909047489
1896,0.6074350904295199
1897,0.5638124451951776
1898,0.6443572347473405
1899,0.6613720613172068
1900,0.6782770311858628
1901,0.6031759121269368
1902,0.4739112161038666
1903,0.49135341250603254
1904,0.5146430213576026
1905,0.5113428406536356
1906,0.5351886276387866
1907,0.5308989037109628
1908,0.7049971105673347
1909,0.6879497597442336
1910,0.6611559645112738
1911,0.6975621975641755
1912,0.7153798859921568
1913,0.7068710450629511
1914,0.6989488684917663
1915,0.6337932570066085
1916,0.5909960829660577
1917,0.5029795336923358
1918,0.4693945851943189
1919,0.44095978829049454
1920,0.579489186426656
1921,0.6242477997408016
1922,0.6487705844264058
1923,0.6769407241006489
1924,0.6823055332545668
1925,0.6980240446901458
1926,0.7021976477582631
1927,0.6401886285698981
1928,0.6843308530936709
1929,0.6895404479622167
1930,0.6449854279762472
1931,0.6631039859899959
1932,0.701732400760799
1933,0.6877228879239722
1934,0.6530086747247742
1935,0.6045270469999897
1936,0.6989488684917663
1937,0.7177657433146312
1938,0.6966396311672977
1939,0.6966396311672977
1940,0.649192855995619
1941,0.6778312339687395
1942,0.6911356709563217
1943,0.6760516581568127
1944,0.622440404577359
1945,0.5652315417711771
1946,0.5496938308717529
1947,0.4703778558576027
1948,0.471504837652276
1949,0.5853928059657046
1950,0.6068520864279348
1951,0.6952585961354885
1952,0.6466643285501122
1953,0.6001017470419845
1954,0.6006766585628337
1955,0.590057551997515
1956,0.5824316139695127
1957,0.5042074861523836
1958,0.5435621495086944
1959,0.5184478986812843
1960,0.6725097818498078
1961,0.6385305646305107
1962,0.6787231903584489
1963,0.6131069996345232
1964,0.6186461477077415
1965,0.5893080710085871
1966,0.5957168746829867
1967,0.590057551997515
1968,0.6228414842140368
1969,0.6364654784495294
1970,0.5662988150673848
1971,0.6099695364845215
1972,0.5386854885052742
1973,0.6319514236721925
1974,0.578756495924856
1975,0.6410196654318764
1976,0.5811420008537831
1977,0.5643440803249075
1978,0.5774770833894087
1979,0.573841136713947
1980,0.5524470500293788
1981,0.6420603458639543
1982,0.6295059866599351
1983,0.5839098560837601
1984,0.6248517165519375
1985,0.49629355977256806
1986,0.6472953136666295
1987,0.560811726927299
1988,0.6202402076112963
1989,0.5747474213838906
1990,0.4872109797081517
1991,0.3934718834194248
1992,0.38533063343956625
1993,0.6410196654318764
1994,0.6609399550808708
1995,0.6827549647087074
1996,0.6534343684920263
1997,0.6146832807981589
1998,0.6172555313934747
1999,0.5767475846011901
2000,0.5731174013492636
2001,0.5243840591484771
2002,0.5178112752961211
2003,0.5118126431005178
2004,0.634819381321262
2005,0.6659303475539509
2006,0.7096934408834051
2007,0.5947689508524422
2008,0.532873343191844
2009,0.5076041146182739
2010,0.5896826623481097
2011,0.5478110344264728
2012,0.5646988543138418
2013,0.49509014182276234
2014,0.4400551153451316
2015,0.5111863618113217
2016,0.5517571168414876
2017,0.6260617336457122
2018,0.592124789210574
2019,0.5940119705748116
2020,0.5363510468707048
2021,0.6121243839304181
2022,0.6827549647087074
2023,0.6293027319498505
2024,0.7281368534810331
2025,0.6714076487567185
2026,0.7106373156535161
2027,0.7151418360997926
2028,0.6934224557712316
2029,0.7073404850868223
2030,0.7494354727258393
2031,0.7494354727258393
2032,0.7464182453993731
2033,0.7225668223543885
2034,0.6798401739815626
2035,0.7436654906782022
2036,0.7254663821912823
2037,0.7247401566388899
2038,0.7608836147701632
2039,0.7733310946172772
2040,0.8102465978840722
2041,0.7965305999373391
2042,0.701964976847353
2043,0.8102465978840722
2044,0.7780628030549833
2045,0.6379101659387778
2046,0.6622373230802293
2047,0.629099558870596
2048,0.6051072622315621
2049,0.6192433212681828
2050,0.6668029934614741
2051,0.6445665481019852
2052,0.633998316848489
2053,0.5567838768717218
2054,0.6825302033491681
2055,0.723773242004623
2056,0.721362868215371
2057,0.6631039859899959
2058,0.6938809304786836
2059,0.680735394567234
2060,0.6747207609294849
2061,0.6570666819876326
2062,0.6657124067809949
2063,0.6657124067809949
2064,0.7349889659629489
2065,0.6964092242910759
2066,0.7278935860101382
2067,0.7298425185199959
2068,0.740179919604702
2069,0.7257086556287189
2070,0.6583546429687238
2071,0.6874961083175718
2072,0.7652639591428123
2073,0.7486797703893526
2074,0.7704567503619313
2075,0.7479249992321672
2076,0.7486797703893526
2077,0.7844267119505659
2078,0.8014356432397938
2079,0.7938213351734791
2080,0.7709783887269589
2081,0.7049971105673347
2082,0.740179919604702
2083,0.7550058632180863
2084,0.7364675356248925
2085,0.6863635920425785
2086,0.5936339326277604
2087,0.5310630858970978
2088,0.4557673853271936
2089,0.4982570929927542
2090,0.42086948332252516
2091,0.7489315676413161
2092,0.7650054416725696
2093,0.782032847972066
2094,0.7496875806522261
2095,0.7673359390873805
2096,0.7946329371340985
2097,0.7683744942216728
2098,0.7216034620694328
2099,0.7056991194575677
2100,0.5870667726737903
2101,0.6254563608620785
2102,0.5974279060277377
2103,0.5545233900602733
2104,0.5999102627576334
2105,0.6072406780837203
2106,0.7286236874198366
2107,0.8017092197410477
2108,0.6841054517293141
2109,0.6628871887675504
2110,0.634408683990091
2111,0.6264657206908192
2112,0.6284905290535335
2113,0.6089931901939939
2114,0.6485595763623573
2115,0.6579249755855042
2116,0.6327691936134642
2117,0.5778422672140701
2118,0.5783905867114273
2119,0.5313916433439125
2120,0.5300789570224823
2121,0.49493997678368945
2122,0.43038611822989015
2123,0.4254078696376891
2124,0.3979668136716595
2125,0.5400252284950818
2126,0.4286351589083418
2127,0.6049137798894318
2128,0.5714931858450849
2129,0.6387375307218226
2130,0.6278822326032663
2131,0.6078241483298518
2132,0.5325436246633398
2133,0.46507173404703406
2134,0.5822471638892133
2135,0.546446840745305
2136,0.638323681827712
2137,0.5732982276199333
2138,0.5213250413639524
2139,0.4967458046008571
2140,0.5243840591484771
2141,0.5037465565420384
2142,0.4832587299852576
2143,0.4422563613873911
2144,0.430637013429002
2145,0.4468334141603428
2146,0.4301354128950093
2147,0.49419002382549915
2148,0.5595819842683315
2149,0.5229322183284826
2150,0.5332033203629005
2151,0.4975007160924142
2152,0.6064638052561986
2153,0.48369583631129887
2154,0.5005350482121534
2155,0.5258410192059485
2156,0.5282807171328943
2157,0.5046689535494385
2158,0.6216392098370405
2159,0.5972374880918108
2160,0.5731174013492636
2161,0.634819381321262
2162,0.6670213758404191
2163,0.6705275488005963
2164,0.6941103078231935
2165,0.6984862682195934
2166,0.6540735540679907
2167,0.6532214786390687
2168,0.6820809543838806
2169,0.7439152275204285
2170,0.7404282252216297
2171,0.8017092197410477
2172,0.7259510282674801
2173,0.7099292650988431
2174,0.7120560212644723
2175,0.5543499861826783
2176,0.7320427161906169
2177,0.8197373305792086
2178,0.7940917571735401
2179,0.7908540686291392
2180,0.7257086556287189
2181,0.7534816641327782
2182,0.8011621800931197
2183,0.7984337717865247
2184,0.837681625757454
2185,0.8091388225666928
2186,0.8371047039219036
2187,0.8771481324812187
2188,0.8493216387876924
2189,0.8593695470186322
2190,0.8431864303278058
2191,0.8614560069581576
2192,0.8789808391658859
2193,0.8144171730120765
2194,0.8330796794302155
2195,0.9019674422657713
2196,0.775692554107906
2197,0.7567888574691247
2198,0.6659303475539509
2199,0.6934224557712316
2200,0.7024304135362702
2201,0.6927354430340799
2202,0.642268733572419
2203,0.6087981550807817
2204,0.7040624338556281
2205,0.721362868215371
2206,0.6798401739815626
2207,0.7003389331619776
2208,0.7216034620694328
2209,0.7743795493494898
2210,0.7259510282674801
2211,0.7903160152812437
2212,0.7817674122586427
2213,0.6843308530936709
2214,0.7547515687059095
2215,0.7278935860101382
2216,0.7347428911734271
2217,0.7369612012475075
2218,0.7014999194558789
2219,0.7144282697450215
2220,0.7104012024404461
2221,0.7194416559791431
2222,0.5919364841745062
2223,0.5949583845304545
2224,0.5989539864772171
2225,0.7096934408834051
2226,0.6127137173938003
2227,0.6472953136666295
2228,0.6192433212681828
2229,0.5848361470076603
2230,0.4783400583208723
2231,0.4460444385412584
2232,0.46869386626626897
2233,0.6068520864279348
2234,0.6570666819876326
2235,0.6408117807050783
2236,0.6672398466595116
2237,0.6868163223668947
2238,0.6689908018248166
2239,0.6381168822762032
2240,0.7024304135362702
2241,0.6854592346469701
2242,0.6111437322186339
2243,0.6470849004770812
2244,0.6323601442839035
2245,0.59704714607004
2246,0.5824316139695127
2247,0.6566380551511977
2248,0.4174768728944432
2249,0.5646988543138418
2250,0.6727304766224641
2251,0.6045270469999897
2252,0.5455963984020635
2253,0.49105603395276004
2254,0.5341948060076266
2255,0.46869386626626897
2256,0.5469579100060742
2257,0.5789395594926336
2258,0.5783905867114273
2259,0.5925016243433797
2260,0.5375166638718177
2261,0.5840949670204033
2262,0.579489186426656
2263,0.5381841702570961
2264,0.5573071765594448
2265,0.5479818609248165
2266,0.5449172481862946
2267,0.5844654097005845
2268,0.5780249678463506
2269,0.5355204216901831
2270,0.5762012197538806
2271,0.59704714607004
2272,0.6182484306767481
2273,0.5444085864223093
2274,0.5292606148174929
2275,0.5341948060076266
2276,0.5883728960290963
2277,0.5355204216901831
2278,0.49629355977256806
2279,0.42763876625896363
2280,0.4431669008940973
2281,0.4943398982034013
2282,0.5200438137652916
2283,0.5620448754366604
2284,0.5807741980907928
2285,0.48267670842890187
2286,0.5268151799359277
2287,0.40868081963126107
2288,0.38381540424722255
2289,0.38263037119482785
2290,0.39638595714780156
2291,0.4339160031744792
2292,0.3424543813885991
2293,0.2962945492382936
2294,0.36704419648294045
2295,0.3873996437768073
2296,0.3543198361191289
2297,0.27992537172439286
2298,0.3272428413653973
2299,0.41079795100198685
2300,0.46869386626626897
2301,0.43607749451236905
2302,0.48427943288139474
2303,0.4695348905655528
2304,0.4489461894629647
2305,0.43076253227867234
2306,0.5297514277998221
2307,0.5127538970395691
2308,0.5822471638892133
2309,0.5957168746829867
2310,0.567190147011769
2311,0.5194046997903004
2312,0.578756495924856
2313,0.46493314170915134
2314,0.5949583845304545
2315,0.629709323037303
2316,0.6311349674285746
2317,0.6321557429066675
2318,0.6559957639764327
2319,0.5938229139465292
2320,0.5853928059657046
2321,0.6861373648490747
2322,0.680735394567234
2323,0.7099292650988431
2324,0.7201613740258277
2325,0.6707474400733182
2326,0.6895404479622167
2327,0.7218441543658822
2328,0.7364675356248925
2329,0.7881682481989741
2330,0.8632492661975494
2331,0.7916619839786961
2332,0.7932808268790839
2333,0.8671501283415816
2334,0.7701960924996396
2335,0.806653039379457
2336,0.8719804008346109
2337,0.8166521228210187
2338,0.8969367030170231
2339,0.9025986654465388
2340,0.8668493085163564
2341,0.8537369603007151
2342,0.8359523011943074
2343,0.8399941264987597
2344,0.8771481324812187
2345,0.8217079995703335
2346,0.8345144950323224
2347,0.8756243911451849
2348,0.8710722597124122
2349,0.9195209672045542
2350,0.8738001076825415
2351,0.8916284448365771
2352,0.8900743861939643
2353,0.861157567421088
2354,0.8270859571528083
2355,0.7930107404829374
2356,0.8484418865234287
2357,0.8327930745763542
2358,0.7439152275204285
2359,0.782829813520871
2360,0.817772385591926
2361,0.8208627250742188
2362,0.7876324159851208
2363,0.7796478698281363
2364,0.7775353196423127
2365,0.7080453638252194
2366,0.7257086556287189
2367,0.7310638487829042
2368,0.6536473443221483
2369,0.7134782073872364
2370,0.6230421447245355
2371,0.6598612171915457
2372,0.667895790154709
2373,0.5734791255831039
2374,0.6321557429066675
2375,0.5611637070763543
2376,0.6657124067809949
2377,0.5930674401942115
2378,0.46771511771703267
2379,0.32619752100469857
2380,0.5898700698675238
2381,0.6107520204729239
2382,0.6820809543838806
2383,0.6652767898026635
2384,0.5736600952705213
2385,0.5527924248014041
2386,0.5581807210282493
2387,0.6099695364845215
2388,0.6738352934652829
2389,0.7099292650988431
2390,0.7247401566388899
2391,0.6998752006228989
2392,0.6780540873531966
2393,0.6925066251069386
2394,0.6222399853794229
2395,0.7261935001524037
2396,0.7484280766017413
2397,0.7354814183485032
2398,0.669429427800599
2399,0.6399810784152381
2400,0.5756555047268431
2401,0.5955271387616463
2402,0.7354814183485032
2403,0.7235317605662681
2404,0.6641892888228175
2405,0.5541766506858485
2406,0.5248691426977943
2407,0.4388954945994021
2408,0.32248850688439307
2409,0.3080479900308949
2410,0.23704162463020806
2411,0.5866942621060953
2412,0.6360534574054343
2413,0.6895404479622167
2414,0.7451654513294393
2415,0.7441650669405517
2416,0.6740565257113454
2417,0.6568523252715646
2418,0.671848234000422
2419,0.6683335287471398
2420,0.7489315676413161
2421,0.6764960108003404
2422,0.6934224557712316
2423,0.6884037801923395
2424,0.7337596003057483
2425,0.709222081146149
2426,0.7104012024404461
2427,0.6542867880608054
2428,0.7078103083611154
2429,0.6659303475539509
2430,0.579489186426656
2431,0.5355204216901831
2432,0.4563080221362007
2433,0.4349314398745439
2434,0.41292943572915825
2435,0.4090326827788592
2436,0.6111437322186339
2437,0.6001017470419845
2438,0.5686199520940323
2439,0.5657648617425147
2440,0.5490082337054876
2441,0.5253547958000928
2442,0.43697157962356215
2443,0.45280861087760776
2444,0.47719206426749156
2445,0.5063656131539289
2446,0.5923131692557604
2447,0.5776596390724588
2448,0.6202402076112963
2449,0.5602842779301982
2450,0.5346914244395664
2451,0.5083801379604068
2452,0.45943278684454136
2453,0.4720696296791212
2454,0.5863220477377492
2455,0.6072406780837203
2456,0.55003703476271
2457,0.48079133110080136
2458,0.4394103921388838
2459,0.35344736882426314
2460,0.23912697441167363
2461,0.19340188747594572
2462,0.17253895694599702
2463,0.17310761753449078
2464,0.1581725103247623
2465,0.46673899621510156
2466,0.4796357894572038
2467,0.5454265106316011
2468,0.5417058358172822
2469,0.5519294981689481
2470,0.5696952816688092
2471,0.5564353544870793
2472,0.559231253314871
2473,0.5863220477377492
2474,0.5184478986812843
2475,0.5698747517938376
2476,0.5100927148028724
2477,0.46011573063853956
2478,0.43001013137566296
2479,0.3863088724539242
2480,0.4042579618416074
2481,0.48427943288139474
2482,0.49001701979591417
2483,0.5253547958000928
2484,0.45834279192477423
2485,0.46632146065210917
2486,0.4848639316167322
2487,0.48898081586678277
2488,0.3705257511681277
2489,0.38533063343956625
2490,0.36837024085869874
2491,0.35094293135022003
2492,0.31039310293745065
2493,0.3601109254242463
2494,0.3620026185217827
2495,0.3770932578416111
2496,0.3421761780192729
2497,0.2783782701994061
2498,0.2696735541952033
2499,0.2520129377549068
2500,0.29183888116697915
2501,0.3637063872431091
2502,0.32129319236048187
2503,0.3970624562346009
2504,0.471504837652276
2505,0.4014968229413722
2506,0.360011726785741
2507,0.36021016038646214
2508,0.5804066873536804
2509,0.6266678358787114
2510,0.5462766183795718
2511,0.5332033203629005
2512,0.5113428406536356
2513,0.5462766183795718
2514,0.5340293963453173
2515,0.5065202151370235
2516,0.6014442787519058
2517,0.6010603154732607
2518,0.5732982276199333
2519,0.597999615657957
2520,0.6711874900113528
2521,0.6080187939536004
2522,0.5824316139695127
2523,0.5682620762158423
2524,0.5080695474168729
2525,0.6437298005605171
2526,0.6372905158392049
2527,0.6654945542104198
2528,0.7192019461088119
2529,0.6856851861925968
2530,0.6216392098370405
2531,0.6111437322186339
2532,0.6500384219664868
2533,0.6816320701502648
2534,0.6884037801923395
2535,0.6502500267720037
2536,0.6485595763623573
2537,0.6827549647087074
2538,0.6024055290988698
2539,0.6368778311619232
2540,0.6424772052424602
2541,0.6401886285698981
2542,0.6356417677333285
2543,0.6938809304786836
2544,0.6893129294819709
2545,0.6054944588825787
2546,0.5330382994328385
2547,0.532873343191844
2548,0.7172877913906316
2549,0.7665581458437722
2550,0.7788548454696187
2551,0.7283802206025825
2552,0.7293546864966686
2553,0.6991803100124785
2554,0.6789464057797295
2555,0.664406613009248
2556,0.707575348796061
2557,0.6676770537769343
2558,0.722325834463855
2559,0.7484280766017413
2560,0.6709674204635644
2561,0.7754297363299698
2562,0.6776084709918593
2563,0.7694147636080196
2564,0.7104012024404461
2565,0.6805114531169899
2566,0.6782770311858628
2567,0.6980240446901458
2568,0.7033624261748166
2569,0.6549270069817941
2570,0.6592150204604081
2571,0.6549270069817941
2572,0.6506734926259337
2573,0.6154733166367506
2574,0.5902451087712072
2575,0.6299127411184262
2576,0.6184472493483409
2577,0.5725753523750245
2578,0.59971885486129
2579,0.5822471638892133
2580,0.4832587299852576
2581,0.44044253763241403
2582,0.39638595714780156
2583,0.38533063343956625
2584,0.36461269239551325
2585,0.401725972484236
2586,0.4143584543758272
2587,0.40356535138942545
2588,0.5340293963453173
2589,0.49224693081850474
2590,0.571673368309351
2591,0.5433930617659007
2592,0.42627363779502336
2593,0.43684370772636166
2594,0.42751442897755404
2595,0.3549030748445702
2596,0.5269777625575724
2597,0.5305707322718709
2598,0.5062110712918553
2599,0.46313626960767396
2600,0.4548232578138757
2601,0.4349314398745439
2602,0.4985600547845286
2603,0.49554098629186943
2604,0.4988632517593907
2605,0.44617580928418005
2606,0.40437354819514615
2607,0.4872109797081517
2608,0.4712227672036576
2609,0.5099367227516911
2610,0.4700966514489253
2611,0.5312273324319859
2612,0.5138548120808228
2613,0.5253547958000928
2614,0.5682620762158423
2615,0.5826161373481324
2616,0.4835500779480749
2617,0.46827408041114094
2618,0.5032861640135241
2619,0.5923131692557604
2620,0.6307272312104923
2621,0.5783905867114273
2622,0.6086031979348272
2623,0.6093834944610668
2624,0.6437298005605171
2625,0.6190441836321056
2626,0.6424772052424602
2627,0.5366837535658906
2628,0.6222399853794229
2629,0.5381841702570961
2630,0.5872531391145541
2631,0.6354360470692527
2632,0.560811726927299
2633,0.5541766506858485
2634,0.5376834422033507
2635,0.49001701979591417
2636,0.4858889799706578
2637,0.5340293963453173
2638,0.5286070939153049
2639,0.57492889403119
2640,0.5824316139695127
2641,0.4841334492222476
2642,0.439539238818106
2643,0.4382529717449545
2644,0.3962733544022903
2645,0.4098552382672437
2646,0.4212351050921188
2647,0.6519459428869443
2648,0.6431031243977492
2649,0.662020876380131
2650,0.6212390941601595
2651,0.6178510322549418
2652,0.6758296169801121
2653,0.6445665481019852
2654,0.6705275488005963
2655,0.5926901545067615
2656,0.6190441836321056
2657,0.6389445801388888
2658,0.6319514236721925
2659,0.6654945542104198
2660,0.6517336537971028
2661,0.734005271870295
2662,0.6117318878114826
2663,0.6542867880608054
2664,0.5842801515484637
2665,0.7283802206025825
2666,0.7474223351580078
2667,0.7441650669405517
2668,0.7254663821912823
2669,0.6936516464753678
2670,0.6868163223668947
2671,0.6431031243977492
2672,0.711582733135778
2673,0.7303307504092106
2674,0.7481764862316238
2675,0.7565338294579831
2676,0.7873646660343009
2677,0.8248163740106319
2678,0.787097026787067
2679,0.8044512306270927
2680,0.7399317158715207
2681,0.671848234000422
2682,0.6740565257113454
2683,0.642268733572419
2684,0.6393589290993419
2685,0.5512403803175573
2686,0.5376834422033507
2687,0.5615159654995727
2688,0.5260032205385722
2689,0.5297514277998221
2690,0.4646561164608654
2691,0.6086031979348272
2692,0.654500108184979
2693,0.5966666896340753
2694,0.601252258799526
2695,0.5042074861523836
2696,0.3831684238238325
2697,0.34412997025501335
2698,0.2985957851184765
2699,0.3015457809771681
2700,0.37878565640004735
2701,0.24291128947949914
2702,0.6146832807981589
2703,0.6890855035064641
2704,0.6577102720982921
2705,0.6687716220539699
2706,0.6707474400733182
2707,0.6787231903584489
2708,0.6622373230802293
2709,0.6605081981899935
2710,0.7688944144387599
2711,0.7344969172585515
2712,0.722325834463855
2713,0.6785000655073895
2714,0.7080453638252194
2715,0.7696750991714574
2716,0.7686344007355318
2717,0.7694147636080196
2718,0.7995237787708586
2719,0.7598573953397955
2720,0.7626835716178778
2721,0.6410196654318764
2722,0.7257086556287189
2723,0.617453952158411
2724,0.6252547318653507
2725,0.6135005968144878
2726,0.6001017470419845
2727,0.5573071765594448
2728,0.4679944917446731
2729,0.6313389584586261
2730,0.6362594264874702
2731,0.6500384219664868
2732,0.649615468407206
2733,0.598381135601255
2734,0.6136975135943933
2735,0.6572811253382179
2736,0.6572811253382179
2737,0.6731721346430604
2738,0.6280849166621014
2739,0.6194425387342929
2740,0.6931933583242833
2741,0.6947990003243089
2742,0.6198412132990255
2743,0.5762012197538806
2744,0.5287703781815445
2745,0.5229322183284826
2746,0.5155909033497239
2747,0.4260260417763498
2748,0.5171756450934273
2749,0.6868163223668947
2750,0.7770082716587577
2751,0.7189623342373102
2752,0.7303307504092106
2753,0.7479249992321672
2754,0.68006384286499
2755,0.7665581458437722
2756,0.6749423522965926
2757,0.7913925674175754
2758,0.7846932469262906
2759,0.7522143685338379
2760,0.7978894452293643
2761,0.7322876838643082
2762,0.8440596022886188
2763,0.7924709029384032
2764,0.7704567503619313
2765,0.7349889659629489
2766,0.6980240446901458
2767,0.7061676028660709
2768,0.7384446304510964
2769,0.7184834043138637
2770,0.6618045172124202
2771,0.663537843660885
2772,0.6861373648490747
2773,0.6095787636844079
2774,0.6947990003243089
2775,0.6530086747247742
2776,0.6248517165519375
2777,0.7288672539778692
2778,0.6893129294819709
2779,0.6927354430340799
2780,0.6753858047145438
2781,0.7026632742241363
2782,0.633998316848489
2783,0.6852333749013476
2784,0.6470849004770812
2785,0.6101650401308726
2786,0.6498269025242907
2787,0.6470849004770812
2788,0.6872694208835591
2789,0.7379497482936654
2790,0.6776084709918593
2791,0.8044512306270927
2792,0.6027905668144867
2793,0.563281440346503
2794,0.4489461894629647
2795,0.371144677560839
2796,0.304773326036413
2797,0.24169812531797005
2798,0.19896049874920718
2799,0.18182531931589344
2800,0.401725972484236
2801,0.43863833904120747
2802,0.3233459768012938
2803,0.30756579693995373
2804,0.27922068173028936
2805,0.21202833579123356
2806,0.20245175605425955
2807,0.18734354879853377
2808,0.17973705461774261
2809,0.31900476955314233
2810,0.30264262104847994
2811,0.32532985185185836
2812,0.28420525495430166
2813,0.2628876693998258
2814,0.2637310064628001
2815,0.24571648548770117
2816,0.20448000566162483
2817,0.1997482958499422
2818,0.36898440247355524
2819,0.44947639998374234
2820,0.4297597105312566
2821,0.4117434989555231
2822,0.34338391378632205
2823,0.2785885449707414
2824,0.23890029027938925
2825,0.19813379067318532
2826,0.18714371691208867
2827,0.5029795336923358
2828,0.5947689508524422
2829,0.48942455970523907
2830,0.5016026417445207
2831,0.45875114897633057
2832,0.4565786507687565
2833,0.39978364989408144
2834,0.4516053507660632
2835,0.49135341250603254
2836,0.48137044033235754
2837,0.49254523181066556
2838,0.46632146065210917
2839,0.39180347976322794
2840,0.45779904454073606
2841,0.5355204216901831
2842,0.5100927148028724
2843,0.5366837535658906
2844,0.4996222744716769
2845,0.5099367227516911
2846,0.42417502216572794
2847,0.4041424187411485
2848,0.36080633381423327
2849,0.3681658212953464
2850,0.5418742600930306
2851,0.5237381657587097
2852,0.5522744647329015
2853,0.5129109867734399
2854,0.505747806168917
2855,0.5327084516114842
2856,0.6178510322549418
2857,0.564166798532166
2858,0.5097807914296252
2859,0.48006869986615663
2860,0.49509014182276234
2861,0.40657793160504563
2862,0.39785362130386265
2863,0.46715701283381245
2864,0.4444718855676662
2865,0.36837024085869874
2866,0.539522332580268
2867,0.54086470664828
2868,0.5266526609322346
2869,0.5526197033755371
2870,0.5190855169921154
2871,0.4978030908243063
2872,0.43556765385861
2873,0.5818784834936294
2874,0.46841395529215357
2875,0.4692543337161257
2876,0.5335335564040271
2877,0.5691572975323008
2878,0.5507242543526485
2879,0.5127538970395691
2880,0.4425162681869347
2881,0.4427763727773244
2882,0.41651410832834074
2883,0.3138325656316283
2884,0.3854391654289953
2885,0.4723523516345316
2886,0.5762012197538806
2887,0.6045270469999897
2888,0.6176524524337513
2889,0.5842801515484637
2890,0.5824316139695127
2891,0.5848361470076603
2892,0.5820627870747436
2893,0.5398575306667386
2894,0.5818784834936294
2895,0.4993184886395756
2896,0.5330382994328385
2897,0.4872109797081517
2898,0.5271404088251106
2899,0.5003827715795437
2900,0.5917482541142587
2901,0.5866942621060953
2902,0.546446840745305
2903,0.5778422672140701
2904,0.5299151603355924
2905,0.5505523479045583
2906,0.5466171301186061
2907,0.5360186012177002
2908,0.6074350904295199
2909,0.5857642809844293
2910,0.5815100959016481
2911,0.573841136713947
2912,0.5165410063332723
2913,0.5960965734936519
2914,0.6391517129189703
2915,0.5891208871223054
2916,0.6485595763623573
2917,0.6477163946877277
2918,0.6327691936134642
2919,0.6449854279762472
2920,0.6305234859492933
2921,0.622039646547279
2922,0.6494041195770399
2923,0.6166607458068676
2924,0.5366837535658906
2925,0.543055085685857
2926,0.5488370031185182
2927,0.60568817326029
2928,0.5282807171328943
2929,0.6033687002175063
2930,0.5835398548542299
2931,0.5432240405013795
2932,0.5042074861523836
2933,0.5214854765657926
2934,0.5835398548542299
2935,0.5127538970395691
2936,0.5498653990167526
2937,0.5256788813238923
2938,0.5898700698675238
2939,0.5833549644961324
2940,0.6954885344105485
2941,0.6773857983819429
2942,0.6397736118101548
2943,0.5780249678463506
2944,0.5531380720124447
2945,0.6148806711458962
2946,0.6372905158392049
2947,0.6123207498118856
2948,0.5855785065485679
2949,0.6663664938653446
2950,0.6180496916574476
2951,0.6437298005605171
2952,0.6142887371152057
2953,0.5780249678463506
2954,0.5604600248066296
2955,0.5023669873874197
2956,0.5555652510132062
2957,0.47362729530140313
2958,0.5800394683836936
2959,0.5449172481862946
2960,0.6170571901035112
2961,0.5850216262279789
2962,0.6162646189853729
2963,0.5702339053518465
2964,0.5829854041303641
2965,0.5005350482121534
2966,0.5807741980907928
2967,0.5005350482121534
2968,0.46217242591277896
2969,0.46757551113459406
2970,0.46424097681174537
2971,0.48794741360389876
2972,0.4157939346704256
2973,0.38381540424722255
2974,0.394141858394589
2975,0.3833839241380317
2976,0.401153419675186
2977,0.48942455970523907
2978,0.4124545263765003
2979,0.43227247145669223
2980,0.37436435218081054
2981,0.3976273632479899
2982,0.3490325166021107
2983,0.32394803516993653
2984,0.3958233630568083
2985,0.4702372266364815
2986,0.4192898914548993
2987,0.4212351050921188
2988,0.3773042608423949
2989,0.37762105782772293
2990,0.30350823392904624
2991,0.49016527813495675
2992,0.5386854885052742
2993,0.45752748273689126
2994,0.4363327051191732
2995,0.48794741360389876
2996,0.5176522747026128
2997,0.47249379418032883
2998,0.4754766928812772
2999,0.4641027030295583
3000,0.4720696296791212
3001,0.4457818471149
3002,0.5002305540516869
3003,0.48137044033235754
3004,0.48079133110080136
3005,0.4073940358792502
3006,0.5008397788949545
3007,0.3794228910084782
3008,0.3352281618970375
3009,0.3753060109889916
3010,0.36633279245482125
3011,0.3705257511681277
3012,0.31590439167866796
3013,0.322231863813813
3014,0.33658440605425505
3015,0.3416206776698715
3016,0.2932637086537672
3017,0.24624750671071158
3018,0.2049346942048321
3019,0.19062453966396625
3020,0.19037865077248578
3021,0.321463585310982
3022,0.394141858394589
3023,0.34375667143223165
3024,0.3808084273111432
3025,0.41868441350628766
3026,0.47676247789217635
3027,0.4397970790773752
3028,0.46396448225948345
3029,0.4613483294397418
3030,0.4286351589083418
3031,0.46715701283381245
3032,0.43850983449134057
3033,0.4780527279588027
3034,0.5200438137652916
3035,0.5422113073195953
3036,0.49389044921290054
3037,0.47136377531719537
3038,0.5162240582013103
3039,0.5322141645500854
3040,0.48209558472803676
3041,0.4838416509617268
3042,0.49090743097892103
3043,0.4440798685704471
3044,0.46757551113459406
3045,0.3895933769736771
3046,0.304773326036413
3047,0.2723062226442779
3048,0.24755233876101043
3049,0.2654945736656203
3050,0.45509275082740486
3051,0.4463072300757207
3052,0.505747806168917
3053,0.4793474605859718
3054,0.49179991222644154
3055,0.40891535107096466
3056,0.47905935394353616
3057,0.4522733181498133
3058,0.4103262408381236
3059,0.4968966698199496
3060,0.48632913575593084
3061,0.42751442897755404
3062,0.32829267460653094
3063,0.26185484201943426
3064,0.2257305144396546
3065,0.20806543519422604
3066,0.4685538839027571
3067,0.44617580928418005
3068,0.42306943213645504
3069,0.4084464640343935
3070,0.4044891778202286
3071,0.38609120360652416
3072,0.34960418144547994
3073,0.41115219871128184
3074,0.4148362282068368
3075,0.43366262482414447
3076,0.4019552934232112
3077,0.43569504150412236
3078,0.41651410832834074
3079,0.4282611583618382
3080,0.40926747826476867
3081,0.39069637346519137
3082,0.40161137629742566
3083,0.3279422273715906
3084,0.370113892496753
3085,0.23278317962366976
3086,0.21093258518224353
3087,0.2013374426240111
3088,0.1955980443688015
3089,0.17657819587954238
3090,0.1906655659789687
3091,0.24448365615017623
3092,0.17446929254191115
3093,0.22672688260223706
3094,0.2104113933707938
3095,0.22641156803820656
3096,0.21012788368203048
3097,0.211503267743699
3098,0.14825285407700067
3099,0.24256380105795625
3100,0.29079505627856894
3101,0.2628876693998258
3102,0.21822768025237776
3103,0.18662560421666252
3104,0.20502580625962166
3105,0.20951548639776338
3106,0.20760074560979233
3107,0.19500323393896524
3108,0.29507710595249453
3109,0.307967553317597
3110,0.3815572508582016
3111,0.3808084273111432
3112,0.36898440247355524
3113,0.3868537519715024
3114,0.33067141667033556
3115,0.4330300185830632
3116,0.3753060109889916
3117,0.35872544299993836
3118,0.36471357785307684
3119,0.3494134878005809
3120,0.4160338119360213
3121,0.4719283502222946
3122,0.4155542378190651
3123,0.41376224657346805
3124,0.38252288021774494
3125,0.3623025125051389
3126,0.36100534957366304
3127,0.4363327051191732
3128,0.48079133110080136
3129,0.3870719870987399
3130,0.3636058712702719
3131,0.3353183499194477
3132,0.33776577460495044
3133,0.321463585310982
3134,0.3282050155864437
3135,0.3549030748445702
3136,0.33941070608359014
3137,0.3422688788729974
3138,0.3154054700836083
3139,0.28499962820977714
3140,0.2760795970985277
3141,0.32489718262078504
3142,0.25860005141373454
3143,0.3411586820877267
3144,0.3358601620567029
3145,0.35646463900141556
3146,0.3421761780192729
3147,0.2705471892160783
3148,0.2271482703333789
3149,0.20727634813699605
3150,0.19107653516348486
3151,0.17635830201822986
3152,0.17179675647349898
3153,0.15952129911756974
3154,0.3681658212953464
3155,0.3599125644556664
3156,0.4098552382672437
3157,0.40856361986186446
3158,0.4482845624989714
3159,0.4093849420804232
3160,0.4123359105017444
3161,0.3590217348466169
3162,0.42038263045419816
3163,0.41916870460866507
3164,0.40356535138942545
3165,0.3830607335425505
3166,0.3958233630568083
3167,0.40161137629742566
3168,0.39593579798341827
3169,0.344410300064464
3170,0.3334312158805375
3171,0.33640314889079115
3172,0.7892412432870739
3173,0.7881682481989741
3174,0.8144171730120765
3175,0.8689576922256482
3176,0.8214261242862761
3177,0.7876324159851208
3178,0.9022829875512743
3179,0.9221082195809482
3180,0.7830956883396509
3181,0.8305045257919942
3182,0.8342272928856533
3183,0.324379002071528
3184,0.33785687914739776
3185,0.36471357785307684
3186,0.3252432559484708
3187,0.38145015722438047
3188,0.3554875924128823
3189,0.3352281618970375
3190,0.35607339205092253
3191,0.28398913489683153
3192,0.32489718262078504
3193,0.3627028844847006
3194,0.4096200019512968
3195,0.3367657941756564
3196,0.3883848068612427
3197,0.2867434046697786
3198,0.260124675862078
3199,0.280703357719985
3200,0.3360410270010481
3201,0.318836133143535
3202,0.3100682031391516
3203,0.36080633381423327
3204,0.27305518260000367
3205,0.3422688788729974
3206,0.38981364832516885
3207,0.5848361470076603
3208,0.6372905158392049
3209,0.5664769403995128
3210,0.6581397658626785
3211,0.5857642809844293
3212,0.33352075576465245
3213,0.5844654097005845
3214,0.57492889403119
3215,0.6829798173742256
3216,0.7163330589363368
3217,0.3681658212953464
3218,0.7320427161906169
3219,0.7506970493476389
3220,0.5648763465720605
3221,0.4046048507353266
3222,0.5016026417445207
3223,0.5356864163773184
3224,0.5299151603355924
3225,0.9214605890765859
3226,0.6091883033091785
3227,0.7491834684045109
3228,0.6530086747247742
3229,0.7650054416725696
3230,0.48296760687742296
3231,0.8234017141364642
3232,0.9943088652664057
3233,0.5774770833894087
3234,0.4522733181498133
3235,0.25280812490270527
3236,0.35842947614711335
3237,0.4573917797283013
3238,0.7276504181448671
3239,0.6527959567106585
3240,0.5449172481862946
3241,0.5684409787344393
3242,0.3076460912960607
3243,0.36908689458603744
3244,0.5114993804648037
3245,0.6996434760355374
3246,0.5966666896340753
3247,0.4117434989555231
3248,0.6152756890299547
3249,0.5540033835396151
3250,0.6637549041880565
3251,0.6870428255804777
3252,0.4554973767930466
3253,0.6796165958721008
3254,0.709222081146149
3255,0.4218453946052823
3256,0.48957258878805104
3257,0.8119117124877451
3258,0.7927407658529919
3259,0.39124941179599626
3260,0.5253547958000928
3261,0.6082135174059101
3262,0.39978364989408144
3263,0.6506734926259337
3264,0.9384776732551626
3265,0.6740565257113454
3266,0.40657793160504563
3267,0.44538833480043855
3268,0.3488422388161639
3269,0.428385778063124
3270,0.5097807914296252
3271,0.8561031287476074
3272,0.5398575306667386
3273,0.37062881063467207
3274,0.3883848068612427
3275,0.4068108858552766
3276,0.8180527422617186
3277,0.44854906194558714
3278,0.5866942621060953
3279,0.6767183223481416
3280,0.7087511060444865
3281,0.4557673853271936
3282,0.7504445265313213
3283,0.3521921834262721
3284,0.5165410063332723
3285,0.481515357320958
3286,0.44670179295816675
3287,0.4592963548872948
3288,0.48662285655566
3289,0.7567888574691247
3290,0.37572553099176487
3291,0.4595692710387981
3292,0.7040624338556281
3293,0.861754571257905
3294,0.6793931084958171
3295,0.6188451257904802
3296,0.430888098655653
3297,0.5569582412558113
3298,0.277121196535625
3299,0.581694253113412
3300,0.562751064943699
3301,0.4391528455758094
3302,0.5271404088251106
3303,0.5714931858450849
3304,0.5645214322417974
3305,0.419532402169081
3306,0.4569849820063082
3307,0.5333684060104766
3308,0.8006155936570934
3309,0.8698631770802383
3310,0.7384446304510964
3311,0.7104012024404461
3312,0.4867698021125395
3313,0.4529425618575329
3314,0.386417767477514
3315,0.764488726215156
3316,0.6475058117241808
3317,0.5629277868577096
3318,0.3113705749271646
3319,0.40437354819514615
3320,0.37921032235403335
3321,0.35277076052671424
3322,0.33703812214296874
3323,0.4553624499153981
3324,0.31482474083173556
3325,0.4223344555447546
3326,0.3847885769250982
3327,0.37021680031739307
3328,0.7113462339836641
3329,0.4616228178023359
3330,0.28463817243005235
3331,0.8605610624065616
3332,0.3659270964795832
3333,0.4672964587162201
3334,0.41150684563464063
3335,0.42676939156725424
3336,0.515274696197152
3337,0.4812255792403524
3338,0.36755346375386944
3339,0.376671719220923
3340,0.39548630966618353
3341,0.36877953132075647
3342,0.45495797857247244
3343,0.31120737356058653
3344,0.3629032907533318
3345,0.30303566473363464
3346,0.43863833904120747
3347,0.5469579100060742
3348,0.7557693748031223
3349,0.5330382994328385
3350,0.4978030908243063
3351,0.5289337264019193
3352,0.5168582018916508
3353,0.4120988123748716
3354,0.4985600547845286
3355,0.4832587299852576
3356,0.4685538839027571
3357,0.638323681827712
3358,0.4504062170212686
3359,0.4256549983806618
3360,0.5474695831329109
3361,0.46176014087259865
3362,0.4691141361075902
3363,0.36481450034481794
3364,0.2355359997773897
3365,0.3664343096213776
3366,0.4225792628925165
3367,0.2973654392579681
3368,0.3074052935248545
3369,0.37394683972645604
3370,0.45888737221155057
3371,0.39717535335182286
3372,0.5646988543138418
3373,0.6818564666961069
3374,0.5271404088251106
3375,0.38273790199895696
3376,0.4090326827788592
3377,0.2994456746656757
3378,0.6731721346430604
3379,0.30413988598153363
3380,0.3268067440652085
3381,0.3397777028676433
3382,0.36130414671278105
3383,0.37436435218081054
3384,0.3256765461379247
3385,0.3598134384187491
3386,0.2963708668046828
3387,0.8531466521858674
3388,0.3754108329284849
3389,0.3605080833682765
3390,0.8080328842059589
3391,0.4473604007531417
3392,0.4548232578138757
3393,0.30950073690766955
3394,0.3625026251098596
3395,0.4435578750009154
3396,0.3440365947644595
3397,0.4047205669589205
3398,0.44881376314845883
3399,0.489720675147451
3400,0.5578310963097135
3401,0.4473604007531417
3402,0.2751812345556757
3403,0.4616228178023359
3404,0.42196759067011513
3405,0.6957185663214535
3406,0.39842000582853565
3407,0.8044512306270927
3408,0.3630035490114962
3409,0.3002988623705694
3410,0.33423823800510927
3411,0.6006766585628337
3412,0.3055676494617996
3413,0.4952403650702095
3414,0.45725612861864223
