,x
0,0.12504626056255982
1,0.1258298674753359
2,0.13420055942082643
3,0.1331841329468132
4,0.1368992824152048
5,0.13425169102848036
6,0.13185536621165694
7,0.12238416837884321
8,0.1385207879726156
9,0.1414363474656571
10,0.14770072463271172
11,0.15030589376262235
12,0.1618184282272548
13,0.1687019905592341
14,0.1559195463655299
15,0.19680422177618678
16,0.15698268377173433
17,0.13734826611553871
18,0.12851307423566044
19,0.12789343403816314
20,0.1304487976942096
21,0.13242950264668774
22,0.09857685748016576
23,0.1425782125195755
24,0.13798594587834512
25,0.1536370051053619
26,0.15226665328072925
27,0.1672340935966504
28,0.12880061607180734
29,0.12673804500521063
30,0.13402183244186316
31,0.13535824256977916
32,0.13135920337755969
33,0.13876249452763903
34,0.1425782125195755
35,0.13793263424805077
36,0.14481805826702326
37,0.1677689304217102
38,0.2343358731573022
39,0.19825623215982605
40,0.22764116200160361
41,0.22084086458819938
42,0.2539458596189755
43,0.2001393284052901
44,0.2532343399749525
45,0.23974966767271377
46,0.2964712763451361
47,0.3229217816957271
48,0.3510378477953384
49,0.33238341813263805
50,0.3718750140173849
51,0.3245488900045309
52,0.34270854511956567
53,0.3741686727296694
54,0.27818697458395136
55,0.2699753659339867
56,0.23957036967660056
57,0.21773109228506707
58,0.19223361461369287
59,0.17591213570158726
60,0.1762960093074775
61,0.2824220778050782
62,0.30381363413268053
63,0.3602643153949729
64,0.35255356539224514
65,0.41706148805874044
66,0.4804564981536353
67,0.5444722290154642
68,0.5409257417493946
69,0.5915753730761736
70,0.6186090846739957
71,0.6298103235835696
72,0.6610878404806593
73,0.6007552302797243
74,0.5202499420870906
75,0.6456546300919308
76,0.6902263467550313
77,0.6261901706154358
78,0.6507489322369059
79,0.715934300794638
80,0.5425180359118384
81,0.7547313602599731
82,0.7742655019421222
83,0.7339859763890638
84,0.6833272231433626
85,0.6704748121504808
86,0.659049092532124
87,0.6859340798883418
88,0.666792116159716
89,0.6467578677980742
90,0.5703260695717087
91,0.6931062531985005
92,0.6921446425472406
93,0.7179408595021207
94,0.7199543247599867
95,0.7742655019421222
96,0.793282834929104
97,0.8240728169061635
98,0.6169399534730382
99,0.6430163709739969
100,0.6700131026472157
101,0.6748807185560743
102,0.628316527005418
103,0.575451886339742
104,0.532186526275997
105,0.4642640599234785
106,0.390178988584162
107,0.7209636555475222
108,0.7704193449200093
109,0.7536638696056648
110,0.756871886653877
111,0.7547313602599731
112,0.7515344158064654
113,0.7189467271734638
114,0.738130680824986
115,0.7685049995005276
116,0.7770270855412525
117,0.7660522123974183
118,0.793282834929104
119,0.7745411216978337
120,0.7417808182286018
121,0.8021407932306756
122,0.7660522123974183
123,0.7552657980625296
124,0.7873497808786045
125,0.7792449934347452
126,0.7695982001891605
127,0.7324390624902991
128,0.6476421419722516
129,0.6926252423196425
130,0.8927213093681854
131,0.8381875319300258
132,0.8950164386170524
133,0.8858782624648518
134,0.8927213093681854
135,0.9234593246366334
136,0.8855539799013523
137,0.9170084586004689
138,0.8746129004803824
139,0.8852298401552349
140,0.9102763762220715
141,0.9448910705373257
142,0.9055991958610314
143,0.9159948476329595
144,0.8711080415218777
145,0.8581927418105834
146,0.9282474236652175
147,0.909941331710825
148,0.827947913203092
149,0.8093719133861438
150,0.7451900227902828
151,0.6804973013834529
152,0.6397373355650456
153,0.5273706281975582
154,0.7067430572977167
155,0.7541973842542239
156,0.9351392688767624
157,0.9241415233428967
158,0.9122897554740563
159,0.9076001603702983
160,0.9203968914420183
161,0.942791192387935
162,0.8888032436914011
163,0.8663559231936652
164,0.874293575805015
165,0.8345561461838097
166,0.8348580338824337
167,0.8169763456065033
168,0.810827615395338
169,0.7870686029023908
170,0.7859451117527066
171,0.8155072488838018
172,0.7929990786135142
173,0.8208110350251353
174,0.8448948237900552
175,0.8318450914894439
176,0.8711080415218777
177,0.840923615923846
178,0.8415331001993465
179,0.8418380425771357
180,0.7499421482320916
181,0.7428277685797205
182,0.6962428715362322
183,0.81199446408339
184,0.8122864944128851
185,0.8415331001993465
186,0.8923940116799024
187,0.9347932242504398
188,0.8430591485186942
189,0.8881522450844088
190,0.8644638297265044
191,0.8085000139833577
192,0.8622626812421488
193,0.7745411216978337
194,0.7723395059164153
195,0.7638799677217424
196,0.7876310810470274
197,0.7918652864196803
198,0.8390983623270114
199,0.8024285285627282
200,0.7825863258847984
201,0.7465063557976093
202,0.6599542405290287
203,0.5750702163266355
204,0.4642640599234785
205,0.3748274386187152
206,0.3266440862015905
207,0.6809679495041894
208,0.7116931761733611
209,0.682854562743568
210,0.7229875299020521
211,0.6957591789650551
212,0.6642747639576826
213,0.6935876755728564
214,0.6574687787243134
215,0.6739501940865162
216,0.7887575048112271
217,0.7129373553303198
218,0.6976964350209031
219,0.5999499401933428
220,0.550207945951869
221,0.7423040676131373
222,0.7301261721291373
223,0.7197022630042273
224,0.7291010935738185
225,0.6943105815404367
226,0.6565678488322445
227,0.6308800264460608
228,0.6432357143165617
229,0.7084707718642757
230,0.7060041937574045
231,0.6972114991719793
232,0.7097080323382013
233,0.6938285411925281
234,0.7240020800738485
235,0.7025686951135319
236,0.6622238512321962
237,0.5708927634455364
238,0.5971420333609198
239,0.5215968097715046
240,0.4559336739447924
241,0.3592233381473311
242,0.2802563862234037
243,0.2542701989451578
244,0.241371865322851
245,0.43687509408547254
246,0.4282555802170256
247,0.42812470532711
248,0.3838726086866523
249,0.3772560694930501
250,0.36436262624703575
251,0.4179479595205683
252,0.36798613222843085
253,0.3404740398944561
254,0.3065678042422738
255,0.27339159009216757
256,0.22196298308632753
257,0.2551161869806588
258,0.2691305288578958
259,0.3775888555825139
260,0.44585881386081977
261,0.39485127866711434
262,0.4260377614426323
263,0.39496902530363964
264,0.35023301606160606
265,0.4501609785258187
266,0.4683557955165963
267,0.51523837358178
268,0.5053980861353008
269,0.5189074890193933
270,0.5558373407181565
271,0.5720282762399957
272,0.5258344047848905
273,0.516235761831866
274,0.526516468986759
275,0.493432024123035
276,0.5065337163289152
277,0.5937544969183777
278,0.5423408219423211
279,0.5943505466389469
280,0.6325962549136
281,0.6570181225423763
282,0.632811191431403
283,0.5724074112226668
284,0.5995478012592268
285,0.6737178106155443
286,0.7275667804566567
287,0.692384891069434
288,0.6527559138216825
289,0.5894062545303261
290,0.5428726835200524
291,0.5365336119722552
292,0.530460188257622
293,0.5081616912183885
294,0.5219342183858825
295,0.4729401833584727
296,0.7240020800738485
297,0.6732533405222733
298,0.7682319951933274
299,0.7600965918987003
300,0.7126883059092691
301,0.6998837902561396
302,0.6856965867429538
303,0.7912991293391464
304,0.7077296878391747
305,0.8351600536930958
306,0.7927154456637242
307,0.7778578990331028
308,0.7778578990331028
309,0.8276490466511217
310,0.7438765269784987
311,0.7614451671474582
312,0.6751135975537059
313,0.7483540013657778
314,0.7520660894135899
315,0.8246675537851976
316,0.7121905275528909
317,0.8400103897498153
318,0.8375809758288465
319,0.8285460383563661
320,0.8448948237900552
321,0.7798006743730028
322,0.8418380425771357
323,0.7704193449200093
324,0.7823072162697622
325,0.7134357749114527
326,0.5880310922964156
327,0.4655742268700603
328,0.3883304281184912
329,0.4088227472153986
330,0.3402806575694612
331,0.7712415578171914
332,0.8336512751264377
333,0.7958422029738356
334,0.7907334643085454
335,0.7972684098458876
336,0.8158008118669642
337,0.7918652864196803
338,0.732181631875665
339,0.7901682908577327
340,0.8035807237744653
341,0.7992703197947177
342,0.8041575745509696
343,0.7636089657309808
344,0.7627966632074452
345,0.7598272267343072
346,0.806180514624178
347,0.74729752026625
348,0.7181921644198548
349,0.7949879668100458
350,0.7042838685516695
351,0.594549396287549
352,0.5258344047848905
353,0.4260377614426323
354,0.33332177960310005
355,0.3339807496966977
356,0.3101223598375044
357,0.6626789318298403
358,0.6642747639576826
359,0.6576942503547981
360,0.652309255690771
361,0.6520860686638292
362,0.6163154768372684
363,0.6491932327308264
364,0.6313085402124302
365,0.6739501940865162
366,0.6332413369081752
367,0.65927523538219
368,0.6408280357862343
369,0.6088828949690918
370,0.6452139887738721
371,0.5899968429832777
372,0.6242841023592823
373,0.5419866135031381
374,0.5041041932646774
375,0.5075097025860423
376,0.4825884813823095
377,0.5106161692893614
378,0.5222719041880028
379,0.5068587791819482
380,0.5050742164439814
381,0.5002477728072535
382,0.41693504950236926
383,0.31089131389347113
384,0.25252559677121517
385,0.26613303984729486
386,0.21793994785424864
387,0.5116021858302277
388,0.552922820621731
389,0.5819892049686032
390,0.6270396369539104
391,0.6739501940865162
392,0.664731588940062
393,0.7600965918987003
394,0.7179408595021207
395,0.6914245128631783
396,0.6892696554112423
397,0.7003710146362591
398,0.6289561852386769
399,0.6713994112923573
400,0.8038690863484295
401,0.6483063317908222
402,0.563023031983427
403,0.5628373266987912
404,0.4726426810466255
405,0.45044037640432255
406,0.47101070858415833
407,0.5787089590333167
408,0.5453634393041223
409,0.5810220103843953
410,0.538285029411241
411,0.46909133749064363
412,0.35013258517290546
413,0.3074933941139534
414,0.3185478011747024
415,0.27267497663586887
416,0.6158995968466687
417,0.6084732621075363
418,0.6323814091527115
419,0.6935876755728564
420,0.7488829265241769
421,0.7363138562119745
422,0.7657802701615833
423,0.6456546300919308
424,0.6734855261096908
425,0.693346912924411
426,0.7141842068914193
427,0.6645031278909164
428,0.5967422467331671
429,0.517569434326866
430,0.48243579527442054
431,0.49453344613402095
432,0.7015909024811693
433,0.7149336032197878
434,0.6489713665223911
435,0.6127916251963319
436,0.6031792210209251
437,0.5901938705102219
438,0.5534678223303763
439,0.581602084935148
440,0.6441140168192464
441,0.6543222047721591
442,0.6064302511831787
443,0.5741174315104202
444,0.575261011575748
445,0.47353590988815003
446,0.4260377614426323
447,0.39733366880361504
448,0.43714386466987254
449,0.6390840218675219
450,0.6725573768041546
451,0.5540135018251133
452,0.5249834000955682
453,0.490614158762368
454,0.4507199983577757
455,0.40151667638953675
456,0.3975711539671686
457,0.3935591030940042
458,0.5318406897873985
459,0.5563859682044494
460,0.5292559729733025
461,0.4747302567290721
462,0.4252585691024957
463,0.38787008928413397
464,0.3730741275253599
465,0.3538742493425397
466,0.34466756466816806
467,0.39332475911535425
468,0.40722509428258463
469,0.382514544501545
470,0.36436262624703575
471,0.3453567573109205
472,0.453246712958435
473,0.4414734901202225
474,0.41718797662603513
475,0.3602643153949729
476,0.3034820829822372
477,0.28033068471645584
478,0.27146267013602043
479,0.2796629716356387
480,0.2959904183724449
481,0.34555400767033495
482,0.3904108718766516
483,0.33492517185804943
484,0.36298967697149814
485,0.3670223366016492
486,0.312092608224918
487,0.27174724838165276
488,0.32774446422585407
489,0.3881001688782053
490,0.36225324001479575
491,0.4380862516932857
492,0.40211895382532653
493,0.3599516017637117
494,0.28991284090616654
495,0.37362087006306327
496,0.34953080576110174
497,0.27929296449540586
498,0.2308408335574349
499,0.20417389052944598
500,0.17188050236064928
501,0.17637293163361012
502,0.42474013732983046
503,0.5389876218157832
504,0.4777330866684017
505,0.4742819238910105
506,0.4777330866684017
507,0.4848862198458346
508,0.49548002348576825
509,0.5071841078528403
510,0.541632697504849
511,0.5280552212609073
512,0.5034588302980699
513,0.508324855048043
514,0.5147405983091228
515,0.4885918219318091
516,0.45044037640432255
517,0.4407933351217151
518,0.3730741275253599
519,0.3471374412277243
520,0.3168732881143318
521,0.356021614484342
522,0.4807603270283209
523,0.44011453684416474
524,0.5024927597363757
525,0.4991300777772292
526,0.4386259411826287
527,0.35316229446435915
528,0.315647040651778
529,0.28189722550278745
530,0.2295983820463446
531,0.4907701662342763
532,0.6511942664405382
533,0.4895238804832299
534,0.4289107352986973
535,0.35499690250059973
536,0.30084730433891194
537,0.24398733269346556
538,0.2071554786259988
539,0.19019899498125162
540,0.4424279922667244
541,0.43499968800715205
542,0.4895238804832299
543,0.4899907627449393
544,0.41391546908924354
545,0.41870974849050135
546,0.3683081426602206
547,0.40031566338019187
548,0.5117667574525808
549,0.5320135724271179
550,0.5411023712425412
551,0.542163681150704
552,0.4898350720630346
553,0.4693859701115436
554,0.4327364272009227
555,0.44215500491529414
556,0.6793224360133047
557,0.6962428715362322
558,0.7467699634568948
559,0.6991537354062856
560,0.7114446604734672
561,0.6608609278080242
562,0.6565678488322445
563,0.6741826765693137
564,0.6308800264460608
565,0.5576687561122423
566,0.4806083818121222
567,0.40260162823582657
568,0.34993183859459664
569,0.39134021923810014
570,0.6572434028018571
571,0.684273755117412
572,0.6998837902561396
573,0.573166629026094
574,0.4950064457522585
575,0.40673515204249255
576,0.33464146936893974
577,0.2997858156687874
578,0.2987294208512506
579,0.6395194722162116
580,0.6608609278080242
581,0.6119661385717645
582,0.5781325028542925
583,0.6007552302797243
584,0.5923666214071295
585,0.538285029411241
586,0.5294277914117405
587,0.5619099562506118
588,0.4550829445741972
589,0.43903127392442726
590,0.3791469933025792
591,0.33558840024717523
592,0.27716014701777775
593,0.2509250747289338
594,0.22287730697877342
595,0.4312801053202833
596,0.4595005386867245
597,0.39816568216135795
598,0.4341991397888983
599,0.4289107352986973
600,0.3644685229541077
601,0.43326758159522666
602,0.3564326015104468
603,0.4847326018878094
604,0.36766449473834495
605,0.44475721693546444
606,0.44215500491529414
607,0.4157993492776806
608,0.36680861426868383
609,0.4053917815808801
610,0.441882235624527
611,0.45268364325147314
612,0.5471513958494131
613,0.659049092532124
614,0.6319519897313776
615,0.6487495943257112
616,0.6319519897313776
617,0.6610878404806593
618,0.6716308072100773
619,0.6690908619222221
620,0.672093894729449
621,0.6556684473878579
622,0.6261901706154358
623,0.6821463280558736
624,0.7449270968682203
625,0.7515344158064654
626,0.7316671030594788
627,0.7339859763890638
628,0.7520660894135899
629,0.7136851451729342
630,0.7033031397103326
631,0.7571399733787277
632,0.7510032013650785
633,0.7759210146810033
634,0.7773039032433494
635,0.6711681138739756
636,0.5790936640094136
637,0.493432024123035
638,0.3654234331358313
639,0.30224313855833695
640,0.26413751540552777
641,0.2545300861562632
642,0.6272522275752742
643,0.647420932918575
644,0.6179825016677655
645,0.4892129417557027
646,0.46674281649378835
647,0.42551809373924204
648,0.4364723398569708
649,0.4283865071177597
650,0.39192253866510224
651,0.3536706387371633
652,0.25505097188884435
653,0.2072526972018803
654,0.182325728899557
655,0.14104961109932523
656,0.13320940026487157
657,0.12969343813540243
658,0.1898129562464329
659,0.19210280386620138
660,0.18802641570266496
661,0.20355654626757916
662,0.2235259351286947
663,0.19940140357066108
664,0.18684894748362327
665,0.19249562394847064
666,0.18156066439118132
667,0.1672340935966504
668,0.16297636241840346
669,0.1603379911628019
670,0.16891840112415496
671,0.20074179542120218
672,0.2223925882301537
673,0.22461294938839113
674,0.22169507834556645
675,0.23731548765805013
676,0.2289806992044299
677,0.24227975105175464
678,0.22714169431707124
679,0.2539458596189755
680,0.2910050874991774
681,0.2729613106957755
682,0.2608798953242001
683,0.2545951157830344
684,0.2324931695571274
685,0.23921233856753574
686,0.26920079227491645
687,0.24101004787788455
688,0.2982435641748116
689,0.2746880543780168
690,0.34466756466816806
691,0.34086124610298113
692,0.3205908727258568
693,0.2719609523978536
694,0.31529786297748136
695,0.33098251629867004
696,0.4682088651186687
697,0.48396544636457145
698,0.5282265455882221
699,0.5135814990418296
700,0.407961456074655
701,0.33079632908215645
702,0.2754119764794569
703,0.24107029788307588
704,0.2318644615853919
705,0.6011583820627842
706,0.6895086749786974
707,0.6981817860807545
708,0.6529793850147957
709,0.6228065966616806
710,0.6972114991719793
711,0.5959436775361584
712,0.721974722828517
713,0.7324390624902991
714,0.679792081552644
715,0.6211233470991682
716,0.5783245747923691
717,0.533399199839682
718,0.523455991042221
719,0.5031365438341113
720,0.6762794821647954
721,0.7176896624991028
722,0.7470336849283852
723,0.7166859526110876
724,0.7179408595021207
725,0.6943105815404367
726,0.6772139802158846
727,0.7217217930317017
728,0.6871230679518677
729,0.6781500729583123
730,0.6412649623066564
731,0.60358440703881
732,0.5870512942348621
733,0.5320135724271179
734,0.560245533285608
735,0.5981429666910321
736,0.632811191431403
737,0.6375628427730428
738,0.6240727631147863
739,0.5748795005554185
740,0.5850978288127021
741,0.5102880347260639
742,0.6109362303647591
743,0.6702439082651869
744,0.7470336849283852
745,0.6998837902561396
746,0.7111962513660992
747,0.7314100047526809
748,0.7518001951869823
749,0.7682319951933274
750,0.6847476274550593
751,0.7082236379347535
752,0.7224809086847654
753,0.6974539152196327
754,0.6748807185560743
755,0.679792081552644
756,0.665417555240888
757,0.6911846747675947
758,0.6700131026472157
759,0.6438943017363552
760,0.6732533405222733
761,0.6897477966929418
762,0.7146836972091517
763,0.7370918242631588
764,0.7441389994889968
765,0.7342441842330647
766,0.7571399733787277
767,0.7015909024811693
768,0.7252727240673617
769,0.7222277613623339
770,0.7179408595021207
771,0.7820282278007976
772,0.6552193189347363
773,0.5682542336030082
774,0.5157367611406246
775,0.3851230883876677
776,0.33720644687804063
777,0.2949522036034752
778,0.2827977941281868
779,0.6565678488322445
780,0.6549948976183675
781,0.6158995968466687
782,0.6161074930926346
783,0.5278839673906809
784,0.42642805407913403
785,0.3522497250717193
786,0.2998672874327085
787,0.28921364211245787
788,0.6774478537815468
789,0.696484873060008
790,0.7355368931701604
791,0.7704193449200093
792,0.7449270968682203
793,0.7347609337057814
794,0.6823823055603031
795,0.6631343994294824
796,0.6336718459240909
797,0.6259780278575651
798,0.6478634447727846
799,0.732181631875665
800,0.7989839591242602
801,0.867936482749203
802,0.8345561461838097
803,0.8575686562848108
804,0.8504308974012357
805,0.7924319360207707
806,0.7373513705301095
807,0.8163883222525143
808,0.8917398490459658
809,1.0
810,0.8956734922404459
811,0.8635196516096417
812,0.829743858616522
813,0.7837039769635004
814,0.7417808182286018
815,0.8114107853352599
816,0.8222917206831495
817,0.7687781220972695
818,0.8228849008526968
819,0.8149205070298764
820,0.845507788635746
821,0.8412282913362812
822,0.9403483877797967
823,0.9476996184449059
824,0.8794196682115293
825,0.8907596859087804
826,0.8306435994993796
827,0.8001301500678856
828,0.8032924867689736
829,0.7598272267343072
830,0.7280777780913885
831,0.6972114991719793
832,0.6456546300919308
833,0.7074828715727831
834,0.7067430572977167
835,0.6852219045360217
836,0.644773720508905
837,0.5733566311576115
838,0.5480481506629161
839,0.518070690430266
840,0.46499134375776174
841,0.5411023712425412
842,0.6111420388824567
843,0.5554719679435668
844,0.49658729089547793
845,0.5135814990418296
846,0.4283865071177597
847,0.3625686127422061
848,0.3637281025611943
849,0.295350928010991
850,0.4628138797714478
851,0.4249992503612365
852,0.39923877495407883
853,0.3454553636810522
854,0.3331338230353215
855,0.30472794213494064
856,0.2972750767358331
857,0.36959992374118517
858,0.3139063654222114
859,0.3135597898006903
860,0.3412490419181952
861,0.3211267553570001
862,0.35725647123051335
863,0.349631006471309
864,0.3185478011747024
865,0.3507357471776062
866,0.33107566271323796
867,0.3000303214357054
868,0.3211267553570001
869,0.2505430570032692
870,0.34290377605104577
871,0.2722462520905238
872,0.2381427474355422
873,0.24682946154406135
874,0.23614068700179935
875,0.22309321913753397
876,0.20730133103914342
877,0.1941671004579066
878,0.2494018654059019
879,0.2170542776999647
880,0.26773056941518036
881,0.3014209950698103
882,0.28559952937497046
883,0.3129545276521127
884,0.2789974433207612
885,0.30356492463863527
886,0.3430991557495739
887,0.29671210494078315
888,0.32728536806763076
889,0.30648384734329265
890,0.3220225817501112
891,0.3358731802568503
892,0.32337265135028875
893,0.3608908263844616
894,0.2979202578013328
895,0.3687380708920547
896,0.3106347090513833
897,0.32050167629359205
898,0.3340750309792021
899,0.31845937126227486
900,0.3783668654688531
901,0.3783668654688531
902,0.2898350380108683
903,0.3508364088539146
904,0.4052699450813428
905,0.3815001506570894
906,0.39006311485877265
907,0.3699238063403382
908,0.29383967675316225
909,0.3791469933025792
910,0.34349036197091226
911,0.5353119098988507
912,0.5184052039454137
913,0.45409301392671836
914,0.3980466832636328
915,0.3741686727296694
916,0.3353987267957519
917,0.5637666249655992
918,0.6158995968466687
919,0.6300240835766386
920,0.6684002109173185
921,0.64499380803167
922,0.6529793850147957
923,0.7657802701615833
924,0.7376110286772628
925,0.773439359330068
926,0.7097080323382013
927,0.7119417985163156
928,0.7845434901448148
929,0.7834243821851846
930,0.8852298401552349
931,0.8638342394100809
932,0.8865272563194634
933,0.9049333851079212
934,0.9282474236652175
935,0.842753671440353
936,0.9106115688133006
937,0.8758916048287281
938,0.8963311257369712
939,0.8327475907973619
940,0.8228849008526968
941,0.8131633499551053
942,0.7470336849283852
943,0.900950843750343
944,0.968001993988018
945,0.8641489654268627
946,0.8907596859087804
947,0.8669877302998727
948,0.8550777846435506
949,0.8261566716327308
950,0.8569451183313187
951,0.8547670400312368
952,0.8336512751264377
953,0.9022760140419906
954,0.8202196653664752
955,0.8871768222703375
956,0.8114107853352599
957,0.9176849467131147
958,0.8865272563194634
959,0.8606945701824498
960,0.8155072488838018
961,0.7881940481941261
962,0.756871886653877
963,0.6852219045360217
964,0.6793224360133047
965,0.6931062531985005
966,0.6588230457060892
967,0.7404746676223086
968,0.6748807185560743
969,0.8169763456065033
970,0.9214163477123206
971,0.7609053869402512
972,0.7067430572977167
973,0.6576942503547981
974,0.6527559138216825
975,0.6163154768372684
976,0.747561469524685
977,0.6765129573398578
978,0.7067430572977167
979,0.6649601471509002
980,0.6619964559452011
981,0.6679402664775472
982,0.6772139802158846
983,0.6270396369539104
984,0.5796713235055996
985,0.6434551505287018
986,0.47863868552788985
987,0.3984038199912904
988,0.2927328723516666
989,0.24410994777394981
990,0.20074179542120218
991,0.2241772456381951
992,0.454234262332234
993,0.5219342183858825
994,0.4597874395907873
995,0.4586412192590114
996,0.41454218914695873
997,0.40211895382532653
998,0.44215500491529414
999,0.48905756713919846
1000,0.37100613286949685
1001,0.5248134089099941
1002,0.5448284921361765
1003,0.5139123311962777
1004,0.526516468986759
1005,0.39532254196089167
1006,0.3960308224980309
1007,0.46718201035947166
1008,0.6313085402124302
1009,0.44338516807984263
1010,0.4185826580331493
1011,0.3663816642939849
1012,0.3980466832636328
1013,0.3641509552703427
1014,0.32894217595183944
1015,0.4876620328085543
1016,0.42864851704562434
1017,0.46368328681878024
1018,0.4105524737057985
1019,0.3292194066882655
1020,0.2545951157830344
1021,0.19775536316327652
1022,0.18240653598897652
1023,0.19302119831601514
1024,0.4647002543768718
1025,0.48843669964710457
1026,0.5748795005554185
1027,0.5733566311576115
1028,0.6427971204573735
1029,0.672093894729449
1030,0.6907053059842175
1031,0.6198646275769647
1032,0.570703786867521
1033,0.5573018652250987
1034,0.6094979899419404
1035,0.5868555801935315
1036,0.5667533866277062
1037,0.5393393531097301
1038,0.5660048331441452
1039,0.49881132183870147
1040,0.4105524737057985
1041,0.36777166582767956
1042,0.28621031100412975
1043,0.25137179060132914
1044,0.23050104269014296
1045,0.21663926586419638
1046,0.5021712616199073
1047,0.5540135018251133
1048,0.575833874560412
1049,0.5356606079511922
1050,0.48596329297797314
1051,0.4375474226794143
1052,0.3783668654688531
1053,0.3610999850061982
1054,0.3437841581238031
1055,0.5973420523188816
1056,0.634533955939307
1057,0.7164352944145524
1058,0.7245100098564523
1059,0.7641510870471325
1060,0.7742655019421222
1061,0.7332120197923913
1062,0.8163883222525143
1063,0.7898858883279568
1064,0.7334698942215349
1065,0.76469367792561
1066,0.6514170752026761
1067,0.6127916251963319
1068,0.5943505466389469
1069,0.5340937278372114
1070,0.526345847769503
1071,0.45536629329662337
1072,0.4606495285272031
1073,0.45381068714215383
1074,0.4932749341210725
1075,0.5266871603691303
1076,0.467621735949036
1077,0.4277323924876278
1078,0.35561125786130726
1079,0.3010110642275906
1080,0.24300951303331808
1081,0.22515926984805354
1082,0.21346097013031967
1083,0.43700945258497903
1084,0.4265582549600871
1085,0.44448236806857705
1086,0.42642805407913403
1087,0.39995627788966825
1088,0.41117255067096314
1089,0.37241943254006316
1090,0.44876734314813277
1091,0.3818378873479884
1092,0.380489301811783
1093,0.35561125786130726
1094,0.3659553729342782
1095,0.39923877495407883
1096,0.3423185290353592
1097,0.3925059975461529
1098,0.3061483317513114
1099,0.2990539245833331
1100,0.2682893419576736
1101,0.2332392942223659
1102,0.20950690305731876
1103,0.18912947097115748
1104,0.182325728899557
1105,0.3288498354716237
1106,0.31696112346686334
1107,0.35550876707566953
1108,0.30447821497295924
1109,0.266687202307949
1110,0.3230118878020739
1111,0.2696229056955356
1112,0.35870434850398425
1113,0.3802651487275158
1114,0.3476342508391285
1115,0.34427456537968093
1116,0.3426109854006423
1117,0.3654234331358313
1118,0.4707147645869813
1119,0.5010480822469959
1120,0.4589274287305111
1121,0.46382839237134743
1122,0.4639735563885648
1123,0.4921770920027379
1124,0.4705668821976119
1125,0.5423408219423211
1126,0.4976977202902213
1127,0.5606148678496559
1128,0.6092928721398921
1129,0.6289561852386769
1130,0.6078594576909717
1131,0.5587712567151426
1132,0.46923862407177064
1133,0.6276776779563851
1134,0.5507495728308017
1135,0.7242559903639239
1136,0.7092128097823189
1137,0.664731588940062
1138,0.6452139887738721
1139,0.5808288135169938
1140,0.5432276242464705
1141,0.5854878692755131
1142,0.5951464450024965
1143,0.7197022630042273
1144,0.7582134802820958
1145,0.7104516630941873
1146,0.7574081760487172
1147,0.7451900227902828
1148,0.8090811535564063
1149,0.7438765269784987
1150,0.7296134122579863
1151,0.7169367184667267
1152,0.8445885427323976
1153,0.7584821472853577
1154,0.7301261721291373
1155,0.6640464970946023
1156,0.5671281304360384
1157,0.5189074890193933
1158,0.481064402246442
1159,0.46252454393446535
1160,0.5154044346945006
1161,0.4422914713210774
1162,0.6907053059842175
1163,0.7566039158189485
1164,0.7633380810189315
1165,0.7789673337615418
1166,0.781749360420066
1167,0.7823072162697622
1168,0.7528644617169822
1169,0.7428277685797205
1170,0.7425658616218235
1171,0.8261566716327308
1172,0.646537033291321
1173,0.7184435773035012
1174,0.6935876755728564
1175,0.6835637046685439
1176,0.6434551505287018
1177,0.7316671030594788
1178,0.7394317728247817
1179,0.7488829265241769
1180,0.7598272267343072
1181,0.7486184068489983
1182,0.7496771712452032
1183,0.7446642843799485
1184,0.76469367792561
1185,0.7510032013650785
1186,0.694069509832141
1187,0.715683965269246
1188,0.6261901706154358
1189,0.6480848413642692
1190,0.6679402664775472
1191,0.6774478537815468
1192,0.6955174878197564
1193,0.647420932918575
1194,0.7035481643878023
1195,0.6690908619222221
1196,0.6854591949748103
1197,0.7240020800738485
1198,0.6656464052117134
1199,0.6931062531985005
1200,0.7179408595021207
1201,0.6727892659161296
1202,0.6244955307157272
1203,0.6665627790045004
1204,0.5909828051893409
1205,0.5587712567151426
1206,0.5313224687945162
1207,0.5695715773982291
1208,0.6253421360969107
1209,0.6425779627230794
1210,0.581602084935148
1211,0.5961431944257207
1212,0.6364790394047491
1213,0.5688183398368798
1214,0.6027743748347345
1215,0.5937544969183777
1216,0.4757784844522461
1217,0.6485279160965824
1218,0.7006147833184506
1219,0.6597278093353747
1220,0.6060226774284173
1221,0.6192364596058842
1222,0.5356606079511922
1223,0.5567520991551522
1224,0.562466147431853
1225,0.5633946740340985
1226,0.5843187246925302
1227,0.5194103926142379
1228,0.4616579329898275
1229,0.42799388242454295
1230,0.3353987267957519
1231,0.2818223559759617
1232,0.24952830546035137
1233,0.25067030596422707
1234,0.4757784844522461
1235,0.4299616953293433
1236,0.5290842252199411
1237,0.5008878897497023
1238,0.5139123311962777
1239,0.4882816403731736
1240,0.46339325100114565
1241,0.4565019669119207
1242,0.3773669551324389
1243,0.3402806575694612
1244,0.30850745908863725
1245,0.2538162853202408
1246,0.31338669618568227
1247,0.44379620685851223
1248,0.4312801053202833
1249,0.5047506112303269
1250,0.5511110312981481
1251,0.576790239215091
1252,0.5580359514678307
1253,0.5947483292050914
1254,0.5060466199237038
1255,0.6129982138654921
1256,0.541632697504849
1257,0.5660048331441452
1258,0.6115539155224003
1259,0.6287428758479358
1260,0.6228065966616806
1261,0.6576942503547981
1262,0.6084732621075363
1263,0.4939036778936252
1264,0.5439383861397643
1265,0.4141660086015358
1266,0.30572963825918176
1267,0.276940791498352
1268,0.3029856779518879
1269,0.23277974147833702
1270,0.258274007251437
1271,0.27855496740119556
1272,0.23578984359978358
1273,0.15155761148548583
1274,0.14000793705335335
1275,0.15088402143457347
1276,0.16484087520033255
1277,0.15158833634028676
1278,0.12954801322438825
1279,0.149761256727005
1280,0.13785272545608449
1281,0.14238227468429318
1282,0.16592556762026592
1283,0.17953014000955086
1284,0.17029857087409278
1285,0.17188050236064928
1286,0.14006247088778137
1287,0.1609075808346166
1288,0.12456601260864965
1289,0.11727422085550616
1290,0.11221570851932354
1291,0.1209113480055933
1292,0.11698397288603622
1293,0.12427013765860748
1294,0.12420201250532131
1295,0.12784595934078666
1296,0.14903967436034712
1297,0.15439226699084957
1298,0.16349113103366533
1299,0.18912947097115748
1300,0.1771061576124462
1301,0.26793992031744446
1302,0.3147750753444167
1303,0.36225324001479575
1304,0.38478151685056033
1305,0.40710253637678534
1306,0.37948198379019327
1307,0.37089771172253416
1308,0.36884565682084913
1309,0.38787008928413397
1310,0.4033270638085157
1311,0.3526549231035834
1312,0.3302386112265353
1313,0.3523509663934159
1314,0.234162246474493
1315,0.44475721693546444
1316,0.4480726163355155
1317,0.43876099818689357
1318,0.3618333093848687
1319,0.31837097450315505
1320,0.27818697458395136
1321,0.30464466883363006
1322,0.2789974433207612
1323,0.34163742837619643
1324,0.38116280785447826
1325,0.3597433263746269
1326,0.4062459806833023
1327,0.359119460402544
1328,0.3344525134785413
1329,0.28189722550278745
1330,0.21074677362346572
1331,0.28674621441277387
1332,0.4842721218344379
1333,0.4790923106874335
1334,0.5021712616199073
1335,0.5007277625870572
1336,0.4354006803032979
1337,0.34417640915178
1338,0.30464466883363006
1339,0.25531197165724134
1340,0.2538810609484551
1341,0.5360095936168754
1342,0.6200741933242924
1343,0.6268271359892654
1344,0.6013600847774214
1345,0.6397373355650456
1346,0.5831525059793878
1347,0.6211233470991682
1348,0.6315229328270194
1349,0.6952759000360945
1350,0.6885532091069624
1351,0.6287428758479358
1352,0.6330262187487206
1353,0.7134357749114527
1354,0.705758116951612
1355,0.7520660894135899
1356,0.7480897100201851
1357,0.7617152324718187
1358,0.7082236379347535
1359,0.7929990786135142
1360,0.7848235710141936
1361,0.7848235710141936
1362,0.8433647594327416
1363,0.7723395059164153
1364,0.8067596315923025
1365,0.7171875920325406
1366,0.7927154456637242
1367,0.7918652864196803
1368,0.7625261299963161
1369,0.7467699634568948
1370,0.7352781285774136
1371,0.7425658616218235
1372,0.7547313602599731
1373,0.7389109994788393
1374,0.7536638696056648
1375,0.7478255327579134
1376,0.715183616532751
1377,0.7174385733596247
1378,0.8360669064316587
1379,0.7614451671474582
1380,0.8644638297265044
1381,0.8348580338824337
1382,0.79783976195572
1383,0.7685049995005276
1384,0.7013467159264868
1385,0.682854562743568
1386,0.6677104409882654
1387,0.6080639732333271
1388,0.6885532091069624
1389,0.7144338984499754
1390,0.8638342394100809
1391,0.8616350236294873
1392,0.8476574010429496
1393,0.8430591485186942
1394,0.8538356237440048
1395,0.8600682890932287
1396,0.8813512779420885
1397,0.8813512779420885
1398,0.847349909663241
1399,0.8657246710852118
1400,0.8330486871537858
1401,0.8692034334997837
1402,0.840619073897974
1403,0.8291446866601363
1404,0.8771725614642509
1405,0.8581927418105834
1406,0.8983075110655847
1407,0.8632052019590611
1408,0.9022760140419906
1409,0.8813512779420885
1410,0.850739739735728
1411,0.847349909663241
1412,0.8625767168417147
1413,0.8803848353347203
1414,0.8087905204423632
1415,0.7627966632074452
1416,0.7638799677217424
1417,0.81199446408339
1418,0.85290543240662
1419,0.846428243698066
1420,0.8327475907973619
1421,0.8225882459982746
1422,0.8237756432730732
1423,0.8354622056792126
1424,0.821402921352874
1425,0.8315445214301536
1426,0.781749360420066
1427,0.7515344158064654
1428,0.8267532303421212
1429,0.715183616532751
1430,0.6651888025692343
1431,0.6211233470991682
1432,0.6543222047721591
1433,0.6633622784690595
1434,0.5540135018251133
1435,0.6293830741702239
1436,0.5947483292050914
1437,0.5686302262064897
1438,0.5384605688232579
1439,0.5172356060026366
1440,0.46791518210343563
1441,0.5870512942348621
1442,0.6430163709739969
1443,0.6814389993207826
1444,0.609087840495705
1445,0.6570181225423763
1446,0.6213334431516382
1447,0.6142395719206607
1448,0.6009567639100495
1449,0.6123787083548634
1450,0.6686303299600822
1451,0.6261901706154358
1452,0.6184001357351204
1453,0.5716494568117564
1454,0.4898350720630346
1455,0.6576942503547981
1456,0.6272522275752742
1457,0.705758116951612
1458,0.6704748121504808
1459,0.6741826765693137
1460,0.6599542405290287
1461,0.6762794821647954
1462,0.6356136444544945
1463,0.6351814952826399
1464,0.6443338249464696
1465,0.7454530622001119
1466,0.6617691572720444
1467,0.7074828715727831
1468,0.715183616532751
1469,0.7698717965086262
1470,0.6838002871408082
1471,0.6351814952826399
1472,0.6228065966616806
1473,0.526345847769503
1474,0.4198558290262013
1475,0.40673515204249255
1476,0.40563559843008173
1477,0.31183465934944754
1478,0.3558163574419906
1479,0.42642805407913403
1480,0.4795464873403659
1481,0.46007457139206215
1482,0.39064293642626485
1483,0.3883304281184912
1484,0.4174411038834488
1485,0.48905756713919846
1486,0.4413373504353232
1487,0.39134021923810014
1488,0.3423185290353592
1489,0.32829652405993803
1490,0.28129903326936956
1491,0.3062321638756949
1492,0.379593734092526
1493,0.3661684363601863
1494,0.37078933251270507
1495,0.4476564475088775
1496,0.4412012651176336
1497,0.4110484374356166
1498,0.41042860496640293
1499,0.46997594939960297
1500,0.4414734901202225
1501,0.5088147470394193
1502,0.4781856111063158
1503,0.5093052404292668
1504,0.5361841943878195
1505,0.5482277242979483
1506,0.5308048875014908
1507,0.5520159880743278
1508,0.5096325705426434
1509,0.4821306087193865
1510,0.49421843383791697
1511,0.6173567094753245
1512,0.5973420523188816
1513,0.6236503517946255
1514,0.6744152581106665
1515,0.6532029510191444
1516,0.5997488285833538
1517,0.6150688860306919
1518,0.5888164064632155
1519,0.7114446604734672
1520,0.7316671030594788
1521,0.679792081552644
1522,0.6558931546143351
1523,0.650081638567002
1524,0.5699486665126204
1525,0.5576687561122423
1526,0.5079985940880083
1527,0.5032976541730046
1528,0.46953337563707853
1529,0.4140407141084278
1530,0.6878376803872488
1531,0.6604073915769679
1532,0.7250183766562852
1533,0.7028134051228639
1534,0.6529793850147957
1535,0.5682542336030082
1536,0.5663789542935048
1537,0.7438765269784987
1538,0.8143342769170748
1539,0.7806351006236818
1540,0.7386507811322092
1541,0.7283334418570051
1542,0.6938285411925281
1543,0.7074828715727831
1544,0.6748807185560743
1545,0.6895086749786974
1546,0.65927523538219
1547,0.6677104409882654
1548,0.652309255690771
1549,0.7579449294451157
1550,0.8001301500678856
1551,0.805023793531567
1552,0.7764738102360326
1553,0.7809134842293023
1554,0.7518001951869823
1555,0.7518001951869823
1556,0.7717902939296929
1557,0.8152138139585512
1558,0.7229875299020521
1559,0.6926252423196425
1560,0.5913777678104305
1561,0.5111088749183688
1562,0.4429746219423889
1563,0.41693504950236926
1564,0.41706148805874044
1565,0.7770270855412525
1566,0.8375809758288465
1567,0.7798006743730028
1568,0.7512687512173754
1569,0.7685049995005276
1570,0.7334698942215349
1571,0.7676863412219896
1572,0.7467699634568948
1573,0.7045293134826239
1574,0.793566714669486
1575,0.7929990786135142
1576,0.7584821472853577
1577,0.7033031397103326
1578,0.6751135975537059
1579,0.6213334431516382
1580,0.5626516985268647
1581,0.6765129573398578
1582,0.6520860686638292
1583,0.6741826765693137
1584,0.5935559799572276
1585,0.49421843383791697
1586,0.47175161529051324
1587,0.43022495803476424
1588,0.45821233634610253
1589,0.4407933351217151
1590,0.4500213635511261
1591,0.5093052404292668
1592,0.5290842252199411
1593,0.43795146383107697
1594,0.4121672211479874
1595,0.40393290167491863
1596,0.40845333158189
1597,0.4216467589963747
1598,0.413790273521743
1599,0.4282555802170256
1600,0.40514815650317965
1601,0.3526549231035834
1602,0.36320045252023064
1603,0.39052688148419973
1604,0.3683081426602206
1605,0.3176649922211351
1606,0.367129259668494
1607,0.22395984327818128
1608,0.19862165187615527
1609,0.19766449246285606
1610,0.20092769584205672
1611,0.20445972696438924
1612,0.21988545686806646
1613,0.23849852931694582
1614,0.24423264923265361
1615,0.2578101168280557
1616,0.24435543714169392
1617,0.20813061707641692
1618,0.2032725234111823
1619,0.20551272914393046
1620,0.1846082499263256
1621,0.30422876583657027
1622,0.2947133215281911
1623,0.35715334906580937
1624,0.3787009462438599
1625,0.44654910468327147
1626,0.47353590988815003
1627,0.4937463959799912
1628,0.5534678223303763
1629,0.5843187246925302
1630,0.5182379128888309
1631,0.5821828861980642
1632,0.5154044346945006
1633,0.5418096189657918
1634,0.6306659052093975
1635,0.576216181284903
1636,0.5453634393041223
1637,0.49928955324004376
1638,0.4771305749796494
1639,0.46674281649378835
1640,0.4896794446521216
1641,0.5028145203940343
1642,0.5008878897497023
1643,0.5381095624028179
1644,0.5295996805678898
1645,0.4126657350757879
1646,0.3124369897882952
1647,0.2626374765022847
1648,0.27039915910462187
1649,0.22412286698813066
1650,0.5941517802204351
1651,0.6308800264460608
1652,0.6786187182804267
1653,0.6259780278575651
1654,0.6547705715156813
1655,0.5810220103843953
1656,0.6567929379008421
1657,0.5505689557961908
1658,0.7045293134826239
1659,0.6684002109173185
1660,0.7386507811322092
1661,0.6935876755728564
1662,0.6816746749836341
1663,0.6025720790793115
1664,0.5365336119722552
1665,0.5684421908073156
1666,0.773439359330068
1667,0.7641510870471325
1668,0.7674136914451409
1669,0.6996403344594755
1670,0.6615419551672206
1671,0.5787089590333167
1672,0.5552893951157698
1673,0.547868651297829
1674,0.6665627790045004
1675,0.7293571977937185
1676,0.6105248727315674
1677,0.5971420333609198
1678,0.5405727014521186
1679,0.4790923106874335
1680,0.47234541907745853
1681,0.3987613771359507
1682,0.4777330866684017
1683,0.5981429666910321
1684,0.6601807679277848
1685,0.5596921059495767
1686,0.48874700725614334
1687,0.44038589354519764
1688,0.4718999762867558
1689,0.4440705067314367
1690,0.4242225276549457
1691,0.34212374362174897
1692,0.4543755674475798
1693,0.42983014246391466
1694,0.41304013735803297
1695,0.3367294670566539
1696,0.295350928010991
1697,0.23885505907182264
1698,0.22842120687331927
1699,0.19110419822085334
1700,0.19766449246285606
1701,0.22598228895362746
1702,0.22653333865206432
1703,0.2055607778710172
1704,0.2014402030135866
1705,0.20417389052944598
1706,0.31775312427209157
1707,0.30306833541512884
1708,0.30447821497295924
1709,0.2506066702065141
1710,0.24392605752253732
1711,0.21726220865253107
1712,0.20360393890702494
1713,0.1605721641988253
1714,0.20092769584205672
1715,0.23140872601529092
1716,0.3024079332384183
1717,0.19288960987370782
1718,0.2159672808052602
1719,0.2072526972018803
1720,0.20901387915475408
1721,0.20681572845109114
1722,0.2721748884554444
1723,0.2237969877672579
1724,0.23649226595877376
1725,0.24398733269346556
1726,0.23690337351453877
1727,0.24088961127981323
1728,0.23364245341592782
1729,0.2562284052574867
1730,0.26955248996225534
1731,0.25933869471619037
1732,0.22598228895362746
1733,0.19693969383876359
1734,0.18526805862088733
1735,0.24889699946493224
1736,0.3500321926895396
1737,0.4628138797714478
1738,0.3748274386187152
1739,0.4159253387469327
1740,0.44696394271541073
1741,0.46674281649378835
1742,0.40673515204249255
1743,0.38971576512354505
1744,0.3803772034841716
1745,0.38971576512354505
1746,0.34486428916903134
1747,0.38466774836678513
1748,0.42254595593898076
1749,0.42983014246391466
1750,0.4047830780821092
1751,0.3661684363601863
1752,0.32373395820487916
1753,0.30598076096889526
1754,0.2642744710142956
1755,0.31174874056376617
1756,0.3904108718766516
1757,0.3997169225260722
1758,0.4004355526132812
1759,0.43930176546337235
1760,0.4152958890409529
1761,0.3602643153949729
1762,0.36787887831825644
1763,0.33238341813263805
1764,0.31486212514960416
1765,0.47984957853442045
1766,0.5503884135147555
1767,0.45142003490541693
1768,0.43379958256913054
1769,0.38741046839383814
1770,0.3331338230353215
1771,0.2759930082305213
1772,0.2270862937135216
1773,0.2108962635464123
1774,0.44352212623507764
1775,0.41832862794114206
1776,0.5145748091357558
1777,0.490614158762368
1778,0.4696808406755032
1779,0.4372783303644011
1780,0.48565524547137073
1781,0.40019582119593566
1782,0.5306325024062557
1783,0.575833874560412
1784,0.5323595513669296
1785,0.5053980861353008
1786,0.4550829445741972
1787,0.41391546908924354
1788,0.45764129644742285
1789,0.3574628344058601
1790,0.5714601653388713
1791,0.5874429677740196
1792,0.5764074541787423
1793,0.5802497063377604
1794,0.5798640373624226
1795,0.5741174315104202
1796,0.6097031939421573
1797,0.5606148678496559
1798,0.5135814990418296
1799,0.45907061980362285
1800,0.37263749520775746
1801,0.3043118846792079
1802,0.28651637329468427
1803,0.26121662124583805
1804,0.5921686851569926
1805,0.6123787083548634
1806,0.5739271125745276
1807,0.4962706065707061
1808,0.39367634386932315
1809,0.33182210341496354
1810,0.26627143090689986
1811,0.23526495366415062
1812,0.19465487306283266
1813,0.5663789542935048
1814,0.6146540545508463
1815,0.546077734936849
1816,0.526516468986759
1817,0.5444722290154642
1818,0.5393393531097301
1819,0.5360095936168754
1820,0.4769800994125566
1821,0.5750702163266355
1822,0.4196007914850342
1823,0.39006311485877265
1824,0.3389310904742962
1825,0.2850665603269909
1826,0.2386172893794092
1827,0.20657353915395887
1828,0.20162703627010362
1829,0.36478645816715677
1830,0.34993183859459664
1831,0.37111459597220575
1832,0.39344190818284597
1833,0.3985229589652947
1834,0.4339327152701339
1835,0.4053917815808801
1836,0.44352212623507764
1837,0.39614903117241324
1838,0.41005729166047533
1839,0.3792586134145296
1840,0.4016370372718387
1841,0.39145659208928335
1842,0.4053917815808801
1843,0.39285662087251844
1844,0.39674076972205863
1845,0.3993582415051965
1846,0.4896794446521216
1847,0.4950064457522585
1848,0.48843669964710457
1849,0.5817956045601762
1850,0.5442942078502322
1851,0.6690908619222221
1852,0.6509715521334235
1853,0.567878553633683
1854,0.5765988068097664
1855,0.5927627424740014
1856,0.6158995968466687
1857,0.6684002109173185
1858,0.6748807185560743
1859,0.7265461033121432
1860,0.7332120197923913
1861,0.7176896624991028
1862,0.6793224360133047
1863,0.6281034874692651
1864,0.6633622784690595
1865,0.6624513431785586
1866,0.6661043972343851
1867,0.7126883059092691
1868,0.7011026339141229
1869,0.6624513431785586
1870,0.563023031983427
1871,0.46953337563707853
1872,0.36648833999690716
1873,0.2694117347238216
1874,0.2533635002950557
1875,0.24380357187430782
1876,0.5593235369843934
1877,0.574307829739552
1878,0.5135814990418296
1879,0.45044037640432255
1880,0.42293209043046814
1881,0.4312801053202833
1882,0.4036904236211821
1883,0.3619382314167399
1884,0.3644685229541077
1885,0.3716575414740045
1886,0.3128681907768441
1887,0.24726601744270232
1888,0.1865562580863664
1889,0.16246399674941894
1890,0.17401107002063884
1891,0.14693534435859687
1892,0.2839290680435079
1893,0.295350928010991
1894,0.3479327922918609
1895,0.38626454877909383
1896,0.390178988584162
1897,0.3793702769039659
1898,0.36489251832909353
1899,0.39414576602243195
1900,0.3984038199912904
1901,0.3950868180510274
1902,0.382514544501545
1903,0.380489301811783
1904,0.40236019621353114
1905,0.36267381798587767
1906,0.3669154548078073
1907,0.36766449473834495
1908,0.3437841581238031
1909,0.3413460831194182
1910,0.3290345513045266
1911,0.2979202578013328
1912,0.40223955132578865
1913,0.35356889194663
1914,0.3218431470573353
1915,0.33530394398929353
1916,0.3105492378885911
1917,0.2738228055762491
1918,0.21361322106229125
1919,0.18794195319930218
1920,0.19532288117370342
1921,0.17117884870579514
1922,0.369492046328438
1923,0.4151701482799668
1924,0.45878429522436653
1925,0.4809123338303749
1926,0.416682322332408
1927,0.39273970071629505
1928,0.3317286747708306
1929,0.3892532647519574
1930,0.5541955457721581
1931,0.5339199885130665
1932,0.6221747130686222
1933,0.6167317069864638
1934,0.552922820621731
1935,0.4289107352986973
1936,0.3646804388960799
1937,0.3423185290353592
1938,0.32238185607889014
1939,0.6579198177383875
1940,0.6878376803872488
1941,0.7278222243086766
1942,0.6767465320420639
1943,0.7260364229684138
1944,0.6772139802158846
1945,0.6758128302082679
1946,0.6793224360133047
1947,0.6353975242123735
1948,0.694069509832141
1949,0.6998837902561396
1950,0.6505264067065808
1951,0.5381095624028179
1952,0.5308048875014908
1953,0.5554719679435668
1954,0.6847476274550593
1955,0.7533972851530715
1956,0.7207111601831002
1957,0.64499380803167
1958,0.6274649078954082
1959,0.6234392796355045
1960,0.6661043972343851
1961,0.6140324613221715
1962,0.6080639732333271
1963,0.6072464261609525
1964,0.5941517802204351
1965,0.5864643973767467
1966,0.5261752966850004
1967,0.48243579527442054
1968,0.5089781779730147
1969,0.5833466729264208
1970,0.5442942078502322
1971,0.6029767554687158
1972,0.6017637440504767
1973,0.5890129402844116
1974,0.5800568316273271
1975,0.5396913748226504
1976,0.5356606079511922
1977,0.5525598622319314
1978,0.576216181284903
1979,0.5773650154482907
1980,0.5405727014521186
1981,0.5518348467964712
1982,0.630237933817065
1983,0.5464353259720875
1984,0.5308048875014908
1985,0.5549244764037031
1986,0.523455991042221
1987,0.5277127839450375
1988,0.5344414213334324
1989,0.5088147470394193
1990,0.5094688720134289
1991,0.5582196634096029
1992,0.5096325705426434
1993,0.48704343111148135
1994,0.5407491851638254
1995,0.5212596780894644
1996,0.4618022228260557
1997,0.4362041045208878
1998,0.4606495285272031
1999,0.40320603905702807
2000,0.3987613771359507
2001,0.38138765931683355
2002,0.43446577662325236
2003,0.42864851704562434
2004,0.5081616912183885
2005,0.526516468986759
2006,0.4876620328085543
2007,0.45085989342620125
2008,0.37329269747558136
2009,0.2804050102856701
2010,0.23456765783641279
2011,0.23295192392819955
2012,0.2306708497253288
2013,0.520418058789514
2014,0.4932749341210725
2015,0.5251534611555778
2016,0.5540135018251133
2017,0.45044037640432255
2018,0.3810504476934422
2019,0.31713689291386454
2020,0.27716014701777775
2021,0.26969334685256546
2022,0.5699486665126204
2023,0.6213334431516382
2024,0.5773650154482907
2025,0.6261901706154358
2026,0.6099084841808712
2027,0.5671281304360384
2028,0.48890225564897827
2029,0.5290842252199411
2030,0.493432024123035
2031,0.4953220999571387
2032,0.517569434326866
2033,0.5606148678496559
2034,0.6323814091527115
2035,0.6604073915769679
2036,0.6711681138739756
2037,0.7222277613623339
2038,0.7306393736065592
2039,0.7454530622001119
2040,0.7451900227902828
2041,0.7052662796017335
2042,0.7446642843799485
2043,0.8149205070298764
2044,0.785664543862603
2045,0.7893214513663414
2046,0.7652367388143103
2047,0.7518001951869823
2048,0.7003710146362591
2049,0.7590198300121761
2050,0.7803568378175301
2051,0.7523320985409758
2052,0.8079193807879969
2053,0.8240728169061635
2054,0.8553886656233612
2055,0.8064700100227911
2056,0.7781350772354804
2057,0.7955573337078513
2058,0.8488887152453091
2059,0.8752519713897745
2060,0.8730176807211762
2061,0.7887575048112271
2062,0.8122864944128851
2063,0.7803568378175301
2064,0.7355368931701604
2065,0.7342441842330647
2066,0.6633622784690595
2067,0.6866471680672616
2068,0.6709369149084828
2069,0.6536503676400817
2070,0.6890307379423004
2071,0.6062264215279731
2072,0.5107803372969257
2073,0.3939109630944683
2074,0.39662232925263874
2075,0.6615419551672206
2076,0.7008586563945949
2077,0.618818121604597
2078,0.5149064554203935
2079,0.4016370372718387
2080,0.3559189662717693
2081,0.28999067237739173
2082,0.32728536806763076
2083,0.258274007251437
2084,0.4739833373185304
2085,0.45579174331763106
2086,0.40211895382532653
2087,0.2969532004016256
2088,0.2852948085051559
2089,0.26406907448725925
2090,0.2380243193471657
2091,0.2807770446788849
2092,0.3158218256049117
2093,0.26216266914879544
2094,0.23468367137023666
2095,0.24639398340420765
2096,0.23118133248977268
2097,0.21300514649435762
2098,0.19621873016877162
2099,0.20676725800025625
2100,0.21883077464362413
2101,0.2542052849178036
2102,0.22030935533859042
2103,0.3610999850061982
2104,0.3920391392035348
2105,0.3775888555825139
2106,0.3598474440444678
2107,0.43379958256913054
2108,0.48503990015482995
2109,0.547868651297829
2110,0.5633946740340985
2111,0.5079985940880083
2112,0.40429697645083745
2113,0.3937936305293067
2114,0.37548773857123996
2115,0.6356136444544945
2116,0.6816746749836341
2117,0.6800270545793549
2118,0.706496663880465
2119,0.7179408595021207
2120,0.7303827176408426
2121,0.725781747171461
2122,0.7845434901448148
2123,0.7918652864196803
2124,0.7296134122579863
2125,0.7184435773035012
2126,0.7636089657309808
2127,0.8394022383799252
2128,0.7523320985409758
2129,0.8035807237744653
2130,0.8563221274237399
2131,0.8585049900777096
2132,0.8479650272262088
2133,0.810827615395338
2134,0.9002891354372308
2135,0.8556996830362499
2136,0.8613214014837953
2137,0.8513578308284768
2138,0.8333499152424024
2139,0.8208110350251353
2140,0.703058219971913
2141,0.8366721366477728
2142,0.7981256245399823
2143,0.8099538134354779
2144,0.8339527668691507
2145,0.8351600536930958
2146,0.8363694553249881
2147,0.8452012390696739
2148,0.8606945701824498
2149,0.8397062474995587
2150,0.7896036085170373
2151,0.7549985214091571
2152,0.770693297125095
2153,0.7685049995005276
2154,0.6907053059842175
2155,0.800417009778477
2156,0.7867875470600189
2157,0.7947034690597935
2158,0.7674136914451409
2159,0.7470336849283852
2160,0.7391713300252446
2161,0.7011026339141229
2162,0.7035481643878023
2163,0.7275667804566567
2164,0.7164352944145524
2165,0.7386507811322092
2166,0.6317374159858374
2167,0.7214689719203001
2168,0.6417022587377003
2169,0.6935876755728564
2170,0.6534266118793562
2171,0.6142395719206607
2172,0.6181912747467708
2173,0.6013600847774214
2174,0.652309255690771
2175,0.6615419551672206
2176,0.6238615129404803
2177,0.6109362303647591
2178,0.6158995968466687
2179,0.5983434051149985
2180,0.652532537395202
2181,0.5896030350317285
2182,0.6107305083279454
2183,0.5961431944257207
2184,0.5311498706628338
2185,0.489368379527404
2186,0.4285174860527949
2187,0.3411520376321367
2188,0.29775878372891185
2189,0.3217534802774331
2190,0.5620952763294775
2191,0.5819892049686032
2192,0.5511110312981481
2193,0.5457204394720436
2194,0.49785661177461643
2195,0.47086270670674724
2196,0.5170687944693524
2197,0.5032976541730046
2198,0.42904192260598495
2199,0.5109445724962909
2200,0.5039427536925738
2201,0.5507495728308017
2202,0.49516424072245957
2203,0.4522619335463915
2204,0.5182379128888309
2205,0.5109445724962909
2206,0.5503884135147555
2207,0.45522459049016306
2208,0.43141223497406095
2209,0.4090692670134638
2210,0.3844403443235727
2211,0.3562270291274277
2212,0.302903051141138
2213,0.47458075201570776
2214,0.4326037707011624
2215,0.46791518210343563
2216,0.4127904865771446
2217,0.34388216483110584
2218,0.2822719831707032
2219,0.20970457918109772
2220,0.1628736974919799
2221,0.19218999668012188
2222,0.46122541177611387
2223,0.4702712965011368
2224,0.525323592122257
2225,0.5432276242464705
2226,0.5562030165522304
2227,0.5790936640094136
2228,0.5785167268396106
2229,0.6025720790793115
2230,0.5089781779730147
2231,0.5574852726277683
2232,0.5149064554203935
2233,0.5446503237660902
2234,0.4931179080310501
2235,0.5129206471163358
2236,0.5652575232442316
2237,0.4830469113672211
2238,0.3976899663888461
2239,0.3275607218432741
2240,0.26814949771709085
2241,0.21427477067847306
2242,0.21300514649435762
2243,0.1836249469448478
2244,0.46368328681878024
2245,0.4395724729991825
2246,0.5507495728308017
2247,0.5462564934910566
2248,0.48596329297797314
2249,0.4442077389485796
2250,0.4180747987952434
2251,0.3889068632243532
2252,0.33191556740726086
2253,0.5569352785240494
2254,0.5226098674335227
2255,0.6716308072100773
2256,0.6574687787243134
2257,0.7099558029502178
2258,0.7467699634568948
2259,0.7139346224826688
2260,0.7326966039795018
2261,0.7296134122579863
2262,0.7451900227902828
2263,0.7033031397103326
2264,0.6454342627793414
2265,0.6576942503547981
2266,0.5903909804558438
2267,0.5775567673223337
2268,0.5342675387663037
2269,0.5311498706628338
2270,0.532532647732824
2271,0.5275416708914876
2272,0.5199139155853791
2273,0.5297716404744001
2274,0.5395153276470294
2275,0.4562177062847952
2276,0.4117938517648426
2277,0.32618706284517063
2278,0.271391589866514
2279,0.24908615667966813
2280,0.22965465181472156
2281,0.4497423014038754
2282,0.5052361182147427
2283,0.4821306087193865
2284,0.5165687700069175
2285,0.4946910484874752
2286,0.5036200722395274
2287,0.45721361859901
2288,0.5070214102748893
2289,0.4825884813823095
2290,0.47458075201570776
2291,0.39320765587104495
2292,0.4068575652783785
2293,0.410924373143404
2294,0.4898350720630346
2295,0.5523784957572674
2296,0.43930176546337235
2297,0.34290377605104577
2298,0.30944100785614626
2299,0.2637955564791857
2300,0.2229852259559208
2301,0.18815321304389127
2302,0.1787821650514254
2303,0.35123944096838927
2304,0.33711097849457156
2305,0.3404740398944561
2306,0.28651637329468427
2307,0.259472209308844
2308,0.28651637329468427
2309,0.28720665508416765
2310,0.3753775818733123
2311,0.4294357975333563
2312,0.391223891863377
2313,0.3954404731646444
2314,0.3963855874945259
2315,0.35808287596017757
2316,0.46339325100114565
2317,0.4781856111063158
2318,0.47517913380443705
2319,0.47338688794883504
2320,0.4658660210295155
2321,0.4769800994125566
2322,0.4632483206828852
2323,0.5576687561122423
2324,0.5165687700069175
2325,0.5983434051149985
2326,0.6520860686638292
2327,0.628316527005418
2328,0.6138254378137153
2329,0.5099601685594073
2330,0.5254937930278556
2331,0.6397373355650456
2332,0.6503039754980661
2333,0.6887919225236169
2334,0.6393017009981259
2335,0.598543927549745
2336,0.516235761831866
2337,0.565817889173457
2338,0.5396913748226504
2339,0.47758236727747316
2340,0.5000879066835165
2341,0.6969691868288592
2342,0.7260364229684138
2343,0.6989105920511715
2344,0.7955573337078513
2345,0.8285460383563661
2346,0.8504308974012357
2347,0.718695098204288
2348,0.8569451183313187
2349,0.7394317728247817
2350,0.8345561461838097
2351,0.8035807237744653
2352,0.7720648404103955
2353,0.7430897885405623
2354,0.7176896624991028
2355,0.6556684473878579
2356,0.5593235369843934
2357,0.5580359514678307
2358,0.5469722673185619
2359,0.5983434051149985
2360,0.7102036798520854
2361,0.741519362745418
2362,0.8001301500678856
2363,0.7717902939296929
2364,0.7547313602599731
2365,0.7060041937574045
2366,0.7278222243086766
2367,0.7663242724162324
2368,0.8163883222525143
2369,0.7636089657309808
2370,0.7958422029738356
2371,0.827350310698711
2372,0.849813618830603
2373,0.7904508161650308
2374,0.7851037735515229
2375,0.82110691357441
2376,0.7745411216978337
2377,0.7121905275528909
2378,0.7728891942316303
2379,0.793282834929104
2380,0.7859451117527066
2381,0.8038690863484295
2382,0.7494123086678789
2383,0.7609053869402512
2384,0.7781350772354804
2385,0.8424483281334608
2386,0.6981817860807545
2387,0.6981817860807545
2388,0.7191984642623066
2389,0.7134357749114527
2390,0.7232410039002632
2391,0.7194503095221184
2392,0.6849847153787192
2393,0.7357957692714922
2394,0.6300240835766386
2395,0.6399552910879145
2396,0.6225958800327345
2397,0.5989452246085549
2398,0.6103193235351986
2399,0.6732533405222733
2400,0.652532537395202
2401,0.632811191431403
2402,0.6117599837256428
2403,0.5748795005554185
2404,0.562466147431853
2405,0.5821828861980642
2406,0.5748795005554185
2407,0.5937544969183777
2408,0.5620952763294775
2409,0.5792861368664967
2410,0.6144467696499546
2411,0.6076550280248854
2412,0.6366956168524136
2413,0.6204935897024364
2414,0.5760249880911524
2415,0.6456546300919308
2416,0.7104516630941873
2417,0.6421399254271357
2418,0.6230174021106978
2419,0.6167317069864638
2420,0.508651382927866
2421,0.5045889077267104
2422,0.547868651297829
2423,0.6150688860306919
2424,0.6109362303647591
2425,0.6011583820627842
2426,0.5789012714108057
2427,0.5695715773982291
2428,0.5053980861353008
2429,0.413790273521743
2430,0.44065746702681624
2431,0.4235766693796946
2432,0.575833874560412
2433,0.5562030165522304
2434,0.6005537811323356
2435,0.5525598622319314
2436,0.511273244594087
2437,0.5258344047848905
2438,0.47984957853442045
2439,0.4215185057866003
2440,0.3702480648697544
2441,0.3558163574419906
2442,0.31590926716017953
2443,0.26359067563079475
2444,0.32463960853196044
2445,0.4647002543768718
2446,0.4838122019139646
2447,0.5200818943629713
2448,0.5637666249655992
2449,0.5021712616199073
2450,0.4689441103410608
2451,0.5802497063377604
2452,0.5532860798311382
2453,0.6082685746921196
2454,0.5584034515744941
2455,0.634533955939307
2456,0.6443338249464696
2457,0.7013467159264868
2458,0.7084707718642757
2459,0.7638799677217424
2460,0.6849847153787192
2461,0.5117667574525808
2462,0.4879717107422782
2463,0.46050570248608824
2464,0.36288435008258213
2465,0.346740675865537
2466,0.365848902866252
2467,0.35818635524076936
2468,0.34183184342056344
2469,0.3490303764326986
2470,0.3568442200537497
2471,0.4663041536255824
2472,0.5114376815543873
2473,0.547868651297829
2474,0.5521972043829994
2475,0.5741174315104202
2476,0.5665661315444264
2477,0.5008878897497023
2478,0.4618022228260557
2479,0.34105507024504217
2480,0.2841560677539834
2481,0.2657874976025474
2482,0.5576687561122423
2483,0.6015618720934748
2484,0.598543927549745
2485,0.5837352501132671
2486,0.5888164064632155
2487,0.5462564934910566
2488,0.4885918219318091
2489,0.48550131547303016
2490,0.46718201035947166
2491,0.5099601685594073
2492,0.5451850498710834
2493,0.5414558490865117
2494,0.5318406897873985
2495,0.30918602413082397
2496,0.3529592292906979
2497,0.6576942503547981
2498,0.27039915910462187
2499,0.4673285264396594
2500,0.3997169225260722
2501,0.6727892659161296
2502,0.516235761831866
2503,0.15662710508152605
2504,0.31503632247791885
2505,0.6386489396958082
2506,0.4293044536997581
2507,0.5812152878848454
2508,0.43795146383107697
2509,0.4252585691024957
2510,0.3778109283886828
2511,0.4197282850126413
2512,0.27011652829788396
2513,0.3124369897882952
2514,0.5301157726691856
2515,0.27483262882336496
2516,0.26899007805825953
2517,0.3760391633399726
2518,0.30257285015851026
2519,0.4996086993019561
2520,0.4909262371512942
2521,0.3557137879776269
2522,0.46923862407177064
2523,0.3747175378821156
2524,0.23743341984937688
2525,0.29178871144409546
2526,0.2846867028377791
2527,0.6144467696499546
2528,0.5915753730761736
2529,0.39995627788966825
2530,0.4178211704146223
2531,0.8522859845042199
2532,0.4801529153972929
2533,0.3882152760325504
2534,0.3575660754515033
2535,0.5277127839450375
2536,0.38603590059912485
2537,0.5190750547842502
2538,0.5221030266225023
2539,0.28674621441277387
2540,0.3107202120972472
2541,0.33126206123197577
2542,0.25940544007685257
2543,0.3274689026267499
2544,0.2775995761373913
2545,0.5722178042686825
2546,0.38844562515608133
2547,0.4599309766161413
2548,0.3159967414535347
2549,0.40453993168126384
2550,0.31217865540260714
2551,0.2859810582665187
2552,0.3090161932492128
2553,0.4792436415906978
2554,0.22330942835805678
2555,0.2988916127203028
2556,0.3592233381473311
2557,0.35469025461434894
2558,0.3896000722914835
2559,0.3257308999577941
2560,0.3404740398944561
2561,0.36457446049776104
2562,0.3096111554349693
2563,0.3109769126714884
2564,0.41756774261862256
2565,0.5652575232442316
2566,0.36659505688149663
2567,0.5450067341598074
2568,0.26338601532088585
2569,0.32211234969235625
2570,0.33902725016734825
2571,0.42293209043046814
2572,0.39344190818284597
2573,0.42707957578318256
2574,0.5283979404051469
2575,0.4562177062847952
2576,0.34555400767033495
2577,0.4203665103949625
2578,0.47101070858415833
2579,0.36214819671382187
2580,0.4439333293763668
2581,0.39520465692990037
2582,0.4899907627449393
2583,0.5020106109393014
2584,0.508324855048043
2585,0.44627282259497786
2586,0.44585881386081977
2587,0.45878429522436653
2588,0.302903051141138
2589,0.3614140249516807
2590,0.4355344509605484
2591,0.3824016585705617
2592,0.34664157915372734
2593,0.372746589886244
2594,0.32774446422585407
2595,0.44174593269017776
2596,0.6677104409882654
2597,0.38093813121989145
2598,0.5239644999715707
2599,0.82585858773944
2600,0.294077592453422
2601,0.44946346282363564
2602,0.7566039158189485
2603,0.4110484374356166
2604,0.3522497250717193
2605,0.541632697504849
2606,0.39650393518371213
2607,0.6261901706154358
2608,0.34222111778975606
2609,0.5812152878848454
2610,0.410800357772343
2611,0.3137330128420775
2612,0.3576693561591406
2613,0.60358440703881
2614,0.34329468434590327
2615,0.3096962767941463
2616,0.354588117024904
2617,0.3226516666141032
2618,0.44682560801794824
2619,0.307999860358529
2620,0.5444722290154642
2621,0.5275416708914876
2622,0.3519462336124391
2623,0.3088464888546171
2624,0.3730741275253599
2625,0.39532254196089167
2626,0.49484871501707794
2627,0.4939036778936252
2628,0.47863868552788985
2629,0.7045293134826239
2630,0.3923892144913942
2631,0.346344515861007
2632,0.4420185930246736
2633,0.5000879066835165
2634,0.4907701662342763
2635,0.40943941121030314
2636,0.4326037707011624
2637,0.49170754443096504
2638,0.3137330128420775
2639,0.4519810755374218
2640,0.6516399784642867
2641,0.32563977047153836
2642,0.4981745890755585
2643,0.36225324001479575
2644,0.34183184342056344
2645,0.34773372664945595
2646,0.32463960853196044
2647,0.3597433263746269
2648,0.30199617550752705
2649,0.2976780914262981
2650,0.49563801133783464
2651,0.4262979048814461
2652,0.40894598282899397
2653,0.3358731802568503
2654,0.33369812002063454
2655,0.26654851205278174
2656,0.425388305672324
2657,0.31713689291386454
2658,0.38936882212584534
2659,0.22631269056828426
