2.3
88.73
90.96
97.17
100.98
95.03
94.58
88.28
76.43
64.08
73.4
71.13
76.33
78.53
72.81
83.96
59.1
57.26
49.45
43.81
52.77
59.81
56.92
63.49
41.06
43.12
34.16
33.64
31.04
29.21
31.51
34.99
37.87
37.29
41.74
47.62
56.63
68.49
75.79
71.72
37.81
39.23
32.82
33.03
37.62
41.51
39.4
46.73
44.65
44.61
31.37
28.75
30.81
30.38
30.62
30.46
33.44
29.38
28.86
30.41
28.12
29.89
28.87
27.47
29.45
26.71
27.79
26.82
27.63
27.78
27.2
28.33
30.17
28.67
28.73
29.39
32.38
30.65
32.77
25.84
27.27
29.53
32.27
33.74
33.22
34.47
34.46
36.3
33.4
31.87
31.67
34.29
37.48
28.43
34.58
41.47
49.79
51.37
51.03
32.14
31.24
31.92
29.35
30.11
30.68
36.68
40.1
28.14
31.49
27.73
27.14
28.61
29.6
28.76
30.1
35.66
27.46
27.61
27.43
27.55
28.75
29.03
27.9
26.63
26.93
26.97
27.23
28.97
24.49
22.59
25.21
28.75
31.19
32.18
32.58
33.33
34.67
33.45
34.37
37.29
41.03
37.22
34.11
31.99
35
37.02
40.81
45.69
44.63
38.46
38.18
35.77
36.19
36.37
33.08
34.47
31.77
35.85
37.1
34.82
38.32
33.95
40.66
37.49
41.06
41.65
42.65
36.98
36.45
31.9
36.16
33.66
35.37
36.57
40.11
42.48
48.94
39.14
32.93
33
30.17
30.76
30.29
30.63
27.81
31.8
40.74
34.85
36.69
41.86
42.42
41.19
37.27
37.97
33.2
33.07
32.95
32.36
35.18
33.02
38.74
32.51
33.46
33.52
35.2
34.72
29.87
29.17
29.54
31.3
31.1
33.11
32.17
34.29
29.8
32.76
30.04
29.41
29.35
28.99
30.44
30.86
31.49
30.68
32.58
32.97
35.92
38.43
35.16
31.13
33.24
35.78
40.02
41.54
47.99
53.25
65.64
53.48
37.75
45.45
39.8
41.21
39.83
45.87
38.67
42.53
38.12
47.21
50.66
53.86
63.22
72.09
81.82
84
45.15
46.86
44.73
48.43
53.27
61.59
58.3
69.48
49.43
52.95
44.35
40.68
43.48
40.12
37.61
40.23
41.21
41.47
40.09
42.98
40.47
38.16
36.93
34.65
43.46
43.75
45.25
44.16
43.61
40.02
38.59
40.88
45.93
50.48
58.71
67.54
74.8
78.52
43.78
42.4
39.55
38.26
39.39
41.48
33.94
30.43
32.44
37
40.77
47.11
44.43
44.23
46.94
43
39.24
48.29
53.81
62.27
71.14
80.2
84.71
81.84
51.33
49.28
45.46
40.26
40.22
35.51
38.34
39.89
36.96
34.86
34.74
33.34
40.05
34.28
40.8
46.33
48.82
53.99
59.26
63.23
62.89
44.77
43.83
42.59
45.26
50.94
59.17
69.57
68.52
71.61
46.72
55.16
46.09
39.89
38.17
36.76
39.38
43.09
41
43.26
38.65
35.53
34.56
33.82
44.34
48.85
48.36
51.17
49.59
55.63
59.23
65.28
71.94
67.26
69.93
51.72
56.22
53.71
59.48
61.65
64.98
70.95
75.32
78.89
54.15
62.33
57.99
60.23
64.67
62.75
72.16
61.78
58.16
56.16
58.11
56.6
62.54
61.98
64.08
78.8
86.01
97.36
108.11
105.33
92.6
74.8
83.57
71.57
76.33
86.03
95.46
97.18
97.65
98.52
74.64
75.11
75.89
72.92
69.37
70.88
75.1
76.91
76.79
65.93
65.06
59.12
63.35
61.65
63.99
61.58
62.38
64.18
66.65
61.47
58.58
60.12
57.17
61.2
56.65
65.33
64.54
68.27
67.88
71.79
77.63
74.85
79.79
80.72
57.45
52.86
49.24
46.82
39.33
45.08
51.13
40.44
50.34
46.61
51.62
46.22
45.17
52.34
50.47
43.03
43.66
37.31
41.8
44.79
47.68
55.63
64.22
72.92
44.02
39.75
43.68
50.61
54.61
45.9
48.35
46.53
44.56
45.57
47.29
45.14
46.57
42.36
44.57
44.39
45.27
49.98
46.83
51.24
59.23
63.45
66.85
74.69
63.56
80.47
54.14
51.52
49.06
53.83
55.19
65.98
55.66
54.66
52.18
45.87
43.24
40.69
40.94
45.15
45.8
40.51
46.52
43.48
46.8
47.82
48.74
52.48
58.59
66
73.48
82.15
86.48
51.58
41.54
43.68
40.86
37.24
38.38
39.6
39.09
41.85
41.64
42
44.03
49.94
49.17
52.25
44.66
44.41
45.31
47.75
49.23
47.62
48.31
46.44
48.86
49.08
48.91
50.08
47.65
45.58
43.39
39.37
37.34
35.74
35.41
38.91
36.6
36.78
43.91
33.92
33.76
31.57
31.8
34.44
34.61
40.12
41.34
38.92
38.97
43.07
39.67
41.91
39.66
44.14
48.72
37.78
40.96
36.81
35.29
40.07
43.32
37.77
34.06
32.4
36.21
32.52
33.64
35.19
34.61
33.48
29.34
32.09
27.62
30.31
28.33
27.51
28.67
31.12
30.26
31.38
32.32
30.6
30.89
30.86
33.4
29.59
30.67
34.59
32.31
31.1
32.37
34.38
34.39
30.97
29.62
34.08
35.56
33.27
35.31
34.27
34.13
34.32
32.29
33.27
29.92
26.89
25.73
23.96
23.22
23.91
34.66
35.9
37.46
40.14
46.04
51.59
35.47
36.84
36.46
35.86
31.71
29.74
29.72
35.1
33.42
32.01
31.72
31.89
34.75
33.92
37.43
30.09
26.43
28.48
24.72
24.04
22.54
23.25
25
25.46
26.29
26.38
25.93
28.56
28.39
27.77
26.66
26.9
25.88
24.38
25.89
26.41
27.6
24.74
24.94
25.99
27.13
28.66
27.43
28.41
29.72
28.53
29.13
28.71
29.87
32.98
33.51
32.64
30.29
33.3
33.4
32.12
30.4
31.64
30.36
33.29
29.34
35.7
36.18
38.24
36.2
34.06
36.51
34.93
38.56
43.13
43.97
46.9
47.74
41.28
53.03
46.42
47.25
44.35
42.39
43.94
44.62
43.99
43.54
39.26
40.94
37.63
40.15
42.06
44.73
42.46
40.39
39.8
39.26
43.9
47.16
52.36
64.46
76.67
77.24
77.82
41.66
36.1
35.41
38.37
36.86
33.82
38.03
36.11
34.17
34.78
34.26
35.18
34.67
32.98
34.57
31.76
35.31
33.41
37.75
42.36
43.36
45.04
43.56
49.53
38.39
39.64
42.06
51.89
60.79
71.6
80.39
88.01
73.01
47.62
50.97
41.24
37.79
37.78
38.65
40.14
39.29
34.03
34.12
30.97
33.65
32.54
30.09
30.4
28.88
27.94
30.3
30.04
33.79
30.01
40.67
40.48
46.84
56.37
64.21
73.27
78.75
38.74
33.95
36.44
34.27
32.96
34.07
33.97
35.76
35.8
34.91
35.99
34.93
37.12
37.82
38.57
37.33
37.99
40.02
38.6
33.84
31.23
34.38
36.65
37.33
38.6
36.32
37.06
36.12
37.3
39.63
42.1
51.17
59.04
68.28
71.64
72.26
37.81
38.51
33.64
31.83
33.55
34.48
34.49
37.54
36.42
35.92
38.6
30.68
30.56
31.41
30.72
32.08
33.47
33.12
35.43
34.36
36.61
33.35
32.25
34.85
37.27
46.41
59.4
76.51
77.38
87.02
32.46
31.54
29.69
33.64
34.83
35.33
38.89
41.06
39.84
35.76
31.84
35.16
31.56
29.79
30.72
29.4
31.76
31.13
32.52
30.17
28.57
25.27
27.2
28.06
27.6
27.49
26.36
26.64
30.9
33.78
32.45
31.27
32.9
34.64
32.11
32.23
30.06
27
28.2
26.91
26.29
26.79
26.5
25.96
26.54
24.91
26.89
27.18
26.8
28.47
27.62
29.72
31.34
30.73
26.1
29.27
31.92
29.6
29.19
28.76
28.09
26.6
29.36
26.85
32.63
35.22
32.57
34.08
40.12
50.96
43.22
43.86
50.87
53.36
41.16
48.69
39.5
37.96
39.86
39.79
42.75
39.9
35.07
35.69
37.04
43.16
50.13
60.89
70.8
64.81
69.88
39.46
41.96
36.05
33.44
31.17
34.78
30.11
33.75
31.91
31.05
35.79
38.34
43.46
42.89
46.23
38.29
36.48
36.32
40.25
42.79
47.46
46.32
49.31
37.52
33.03
32.54
31.4
33.83
34.79
32.4
32.25
31.63
32.76
30.79
33.93
34.95
40.72
42.96
38.26
38.57
38.21
37.5
40.69
42.75
40.42
38.14
40.83
36.41
36.05
38.22
37.5
38.2
36.8
38.84
36.86
43.23
36.19
40.58
41.11
33.83
37.1
43.35
45.31
43.28
40.58
43
43.07
35.52
31.04
32.25
32.56
32.04
38.65
36.55
37.86
37.76
41.66
44.13
46.37
44.69
39.14
37.62
34.18
33.85
35.17
35.6
37.16
41.3
35.93
33.36
36.54
32.22
30.7
30.51
33.47
32.65
38.75
37.95
35.38
36.38
29.21
30.1
27.4
29.34
27.71
27.35
30.07
28.24
28.05
26.04
26.62
33
31.37
32.3
33.6
33.49
31.25
30.53
28.89
30.92
31.79
32.73
29.78
27.97
28.84
31.37
31.69
31.97
26.18
28.05
27.18
27.68
28.58
30.29
30.22
32.75
30.62
32.18
27.89
26.22
28.73
27.51
26.57
27.11
27.11
27.13
28.73
28.18
28.77
30.76
29.69
29.21
29
27.29
28.06
27.25
25.5
28.68
28.98
31.88
29.47
26.79
29.54
35.5
36.78
40.92
44.15
42.61
32.11
35.24
34.42
34.63
35.96
38.63
36.25
34.64
34.74
33.69
34.14
31.22
31.46
33.23
33.03
29.27
35.52
37.44
34.66
35.76
33.43
36.97
39.77
37.48
38.01
38.13
38.97
37.22
36.98
41.04
36.27
34.14
36.34
38.28
35.42
36.13
35.64
31.89
38.1
40.86
48.69
59.09
71.55
76.16
77.05
36.03
32.5
30.24
30.15
28.33
28.26
28.86
29.23
28.93
28.65
28.69
30.65
30.07
33.76
32.9
29.01
29.38
25.74
25.41
25.92
27.44
27.52
27.89
25.51
28.33
30.59
28.05
29.89
31.33
34.58
31.23
30.27
29.78
30.9
31.61
31.09
29.95
29.05
30.92
33.38
32.64
37.31
42.25
48.23
58.86
62.28
60.66
64.6
40.16
43.97
35.98
34.88
30.16
30.29
31.33
35.8
35.1
38.3
36.64
35.77
38.89
35.93
33.51
39.08
38.29
38.91
45.28
46.55
63.63
62
35.7
30.99
37.18
34.98
34.13
31.92
33.75
32.35
39.28
33.28
33.17
33.75
32.54
37.52
41.1
40.31
41.97
47.32
51.98
60.17
60.13
61.09
40.44
42.42
38.75
39.38
43.64
59.45
68.53
78.66
80.29
37.47
30.17
33.73
34.37
35.65
31.81
41.03
32.91
28.02
30.19
32.8
32.85
36.26
36.78
33.84
37.69
35.95
37.88
34.41
32.34
33.87
36.81
41.97
47.52
55.76
58.31
69.53
33.73
31.72
30.27
31.77
32.43
42.72
32.08
30.68
31.17
30.88
30.25
30.54
30.39
28.69
35.27
31.62
32.87
33.78
35.67
34.52
32.92
32.11
33.99
32.79
35.57
39.52
40.73
45.76
48.25
32.48
36.08
30.39
30.3
28.8
25.53
25.13
27.45
26.92
25.47
28.33
31.44
28.66
29.24
29.25
27.58
27.89
30.73
31.6
31.09
35.82
37.51
38.74
44.21
48.45
51.95
33.72
36.56
30.32
33.2
32.26
34.76
34.38
34.89
33.78
33.61
32
33.09
31.87
35.84
35.61
35.72
33.25
37.4
35.06
35.3
36.31
38.69
38.15
41.02
41.94
45.32
32.39
33.45
34.71
38.8
46.35
59.43
71.59
81.81
77.78
72.9
37.65
35.73
36.7
36.55
36.24
38.52
34.83
32.48
36.96
30.46
29.2
30.83
32.19
29.82
34.2
33.22
32.77
33.88
31.31
39.85
32.83
31.14
34.63
35.44
38.76
39.58
32.87
31.77
32.61
35.68
36.28
40.51
46.84
53.51
58.57
34.85
31.15
32.82
33.98
35.84
36.5
36.74
38.13
33.83
34.9
31.97
28.65
29.07
29.08
29.01
31.09
26.28
33.07
33.92
35.08
37.88
34.62
33.63
35.24
30.39
32.62
29.91
31.79
28.78
27.76
26.81
28.73
30.8
30.17
29.9
27.55
29.98
26.32
26.41
25.78
26.12
25.37
28.81
27.5
29.13
26.37
25.63
26.29
27.72
27.48
29.1
29.04
26.17
26.12
27.42
28.14
28.57
28.1
27.66
27.93
24.13
24.2
26.42
25.96
27.66
27.94
29.59
29.9
32.77
31.29
32.93
28.29
25.75
24.02
23.21
21.96
21.58
23.25
21.26
24.93
26.58
24.99
26.7
27.56
28.73
30.3
29.41
26.01
27.54
28.25
27.49
29.05
32.42
26.18
25.98
27.14
24.05
23.09
21.85
21.24
23.86
24.85
28.04
24.1
25.75
27.32
25.06
23.31
23.88
24.69
23.51
24.25
24.43
25.9
22.67
25.11
26.47
28.42
28.03
28.95
28.37
28.06
30.44
28.84
30.35
27.68
28.92
32.16
31.99
30.19
31.47
28.3
27.15
28.93
33.27
36.77
47.37
44.21
26.59
29.39
27.13
29.52
28.94
28.32
31.58
30.89
32.11
33.39
32.88
33.35
35.55
33.67
37.34
33.59
35.44
38.77
36.67
35.24
36.74
39.57
43.78
33.59
37.24
38.16
36
35.28
36.23
36.62
42.64
37.98
36.39
33.44
33.41
36.78
40.97
44.27
49.52
50.21
53.64
62.99
51.07
48.86
38.02
33.93
41.45
42.4
40.77
44.19
48.29
45.47
53.19
43.15
50.04
41.01
41.14
44.1
45.38
44.09
43.46
44.07
40.44
43.58
43.98
43.47
45.36
49.86
49.53
48.51
47.46
44.7
44.39
42.53
44.1
38.92
40.48
40.12
34.32
34.46
32.5
32.62
37.52
33.59
36.53
35.51
37.47
34.89
35.81
34.69
38.05
38.03
43.81
50.04
51.21
59.2
38.85
34.13
35.94
34.5
36.47
37.45
40.6
39.42
48.84
33.12
33.66
32.97
30.42
31.51
32.28
31.16
32.94
30.47
32.73
30.78
31.87
32.74
34.49
30.75
34.27
29.59
30.42
29.55
30.78
30.77
34.93
33.63
34.91
31.87
33.75
31.03
33.32
34.84
31.21
34.34
28.74
28.32
27.79
30.87
33.65
30.53
29.93
28.16
28.84
27.63
28.23
27.27
28.19
28.44
26.43
28.28
28.24
30.63
32.7
35.51
41.44
44.54
28.47
30.1
27.24
29.48
31.2
34.23
35.87
34.17
27.93
29.66
30.21
29.74
31.32
33.2
30.36
29.69
32.36
28.82
28.28
27.64
26.04
25.66
24.9
26.39
26.8
25.81
27.67
27.73
26.97
28.44
26.13
28.16
28.01
27.26
31.69
26.18
27.74
27.86
29.07
27.37
26.22
33.27
27.43
29.19
32.54
37.88
37.59
47.02
24.81
26.4
25.68
25.14
28.49
25.75
27.08
28.97
29.01
31.11
28.71
27.53
24.93
28.03
30.16
28.44
29.04
26.58
27.06
30.43
27.31
27.24
35.04
33.34
35.87
35.77
39.96
50.82
55.91
46.78
62.83
32.48
31.28
27.44
26.99
25.56
24.96
25.82
26.2
25.81
25.61
25.56
27.41
25.54
25.79
24.02
26.28
27.56
29.2
26.32
30.97
28.52
29.11
32.43
33.33
30.7
36.85
31.96
33.8
37.44
36.38
39.11
38.49
39.31
47.43
38.83
38.43
35.23
37.39
31.95
31.78
30.66
30.4
30.31
32.36
35.7
33.12
35.5
35.04
40.36
35.45
36.2
35.36
34.45
33.3
38.09
39.67
38.61
40.96
42.07
42.5
43.99
45.82
50.41
37.63
37.21
36.51
38.32
39.26
39.65
40.96
38.96
38.78
36.18
36.21
34.87
34.39
36.22
40.25
39.94
38.59
39.8
44.57
44.51
50.39
49.88
57.62
36.4
38.53
36.39
40.46
43.93
52.22
53.76
52.08
55.83
55.06
51
40.19
33.91
38.96
36.05
36.05
36.8
35.19
39.09
35.43
36.64
32.31
35.47
34.71
36.17
37.79
36.84
36.49
37.02
37.08
33.92
37.29
38.63
39.83
35.2
35.59
32.92
34.43
38.05
40.34
37.12
36.51
35.26
36.51
35.3
38.26
35.99
34.17
34.71
32.77
31.9
33.86
38.01
39.21
38.1
43.17
44.95
47.85
50.01
50.09
46.22
45.9
43.28
46.91
43.67
50.91
57.67
68.88
81.49
83.1
86.85
56.37
53.87
58.54
59.72
67.87
79.23
101.82
89.69
56.02
54.3
49.06
48.79
54.48
57.8
60.04
52.54
48.91
46.54
50.58
56.44
57.55
56.12
53.75
60.95
64.66
79.48
91.31
106.84
110.84
114.41
57.52
57.03
60.9
53.77
53.58
53.91
54.95
45.44
53.99
45.18
63.35
64.62
63.05
66.54
64.46
58.94
58.48
55.68
52.64
52.12
53.97
59.79
59.28
47.8
48.84
44.7
43.54
46.04
44.93
48.92
53.54
46.65
47.03
40.37
44.28
42.8
49.74
48.44
57.84
56.37
59.64
66.3
50.57
45.54
47.54
48.94
52.98
53.56
52.29
42.1
39.7
39.23
39.79
40.57
37.84
38.29
36.26
40.07
41
41.65
43.85
41.04
40.95
41.78
39.27
36.06
40.62
41.56
35.87
40.48
36.13
41.23
40.94
37.47
36.8
36.87
40.58
40.94
43.99
48.19
47.04
44.82
51.71
43.83
51.96
46.07
54.72
56.91
64.4
67.13
71.65
73.36
65.84
52.69
49.88
50.92
49.15
49.86
52.48
49.34
53.83
48.2
52.37
48.37
51.22
49.56
45.26
52.84
52.12
56.31
47.78
53.2
52.01
56.42
47.89
54.97
48.04
47.25
47.14
52.68
59.57
52.42
48.03
54.99
49.41
52.7
56.66
61.49
66.01
57.68
52.29
53.61
51.42
49.41
54.21
54.05
59.15
62.38
63.24
46.01
47.25
38.99
43.62
45.59
46.66
47.68
52.06
49.73
50.91
49.36
42.27
35.94
43.33
44.02
43.26
46.07
47.64
51.8
54.04
61.75
66.41
67.01
70.61
51.85
50.68
53.68
54.76
55.83
56.1
55.5
59.19
59.13
52.29
52.24
48.75
51.4
51.78
54.38
47.9
52.24
53.43
46.91
42.07
43.57
42.79
40.46
39.92
38.44
39.17
46.95
46.96
41.67
42.51
44.87
39.11
39.09
37.62
43.46
37.82
37.89
38.84
38.24
36.37
35.07
35.74
36.61
35.25
35.71
35.64
36.48
38.48
35.3
35.87
33.25
35.09
34.18
34.73
32.9
36.29
41.99
43.04
49.86
56.17
62.25
81.59
94.27
99.79
97.66
51.92
52.62
52.87
51.67
51.64
51.27
48.33
47.43
42.84
34.39
45.72
47.83
66.39
69.66
77.45
83.34
89.17
97.72
100.14
103.72
106.31
84.27
81.72
94.64
100.65
97.11
108.68
106.47
113.13
107.82
98.7
102.34
99.43
75.92
77.3
83.25
93.37
100.02
110.75
115.68
65.46
59.85
60.84
60.32
64.6
62.56
71.73
65.17
49.79
48.63
44.01
41.51
44.15
50.73
48.59
52.58
40.38
41.43
37.65
33.67
31.93
34.09
33.52
35.75
38.41
38
38.7
46.7
56.06
68.45
73.92
80.82
37.18
32.71
34.11
33.32
35.37
36.24
34.87
36.74
36.98
37.29
32.67
34.89
31.65
31.12
30.76
30.4
32
29.2
30.97
31.48
34.02
36.96
39.29
35.67
36.99
40.41
33.51
33.31
32.27
30.42
34.73
33.45
38.2
37.59
41.1
41.32
41.99
42.39
45.1
37.69
39.9
36.91
40.36
39.63
37.98
41.44
43.6
41.99
39.26
41.66
42.72
41.43
38.09
41.82
43.43
50.51
55.13
56.88
61.29
39.63
37.26
36.89
39.15
39.94
43.65
44.67
43.19
37.33
36.98
34.89
33.02
32.84
31.53
29
29.23
32.2
27.79
28.82
27.59
26.52
27.94
25.76
30.44
32.5
32.94
35.75
34.79
35.7
31.84
31.93
29.72
33.09
30.72
33.85
34.07
34.43
33.64
34.21
34.98
36.5
36.65
36.29
32.11
33.76
34.06
36.93
40.73
46.2
47.72
38.39
37.73
33.79
32.99
31.29
27.82
28.43
28.87
30.48
29.9
31.31
30.11
31.98
32.46
34.51
34.05
31.94
31.71
32.42
31.83
29.2
30.7
34.77
34.82
37.63
39.72
39.28
46.98
33.85
31.82
32.47
32.21
29.65
31.5
30.47
31.83
33.03
29.16
31.65
33.56
32.89
40.16
37.69
29.64
30.69
29.64
31.47
33.59
33.87
37.42
27.93
29.06
25.93
29.27
28.47
28.6
26.75
29.17
29.69
29.13
30.86
31.32
31.25
30.13
31.5
31.05
35.04
33.76
36.87
36.68
36.83
39.44
39.55
44.97
39
42.68
42.34
45.31
46.32
44.51
46.51
50.03
46.22
47.55
49.69
55.48
62.77
68.22
63.31
41.91
49.08
39.91
41.5
45.37
67.81
43.86
42.81
40.51
41.51
40.85
41.4
47.72
49.11
49.61
45.44
43.39
40.98
46.16
47.68
56.63
62.37
55.88
65.84
40.81
43.1
40.12
41.7
40.83
39.54
41.55
38.08
42.16
43.67
39.01
37.66
34.73
33.85
32.75
35.9
40.72
38.56
40.29
42.54
42.99
47.13
45.81
46.3
48.77
58.23
79.32
89.59
92.18
96.69
41.85
39.09
38.4
39
43.48
51.43
35.59
33.58
35.98
40.84
45.84
47.7
54.62
55.59
58.79
46.51
47.14
46.11
47.83
56.91
63.41
75.36
76.69
71.07
45.74
42.58
41.03
39.32
39.39
44.04
39.28
40.1
38.31
35.85
36.43
36.11
40.68
40.08
43.7
45.67
45.71
44.96
48.05
53.03
49.17
49.26
48.17
49.16
51.36
54.48
64.07
69.55
68.22
76.8
49.88
50.62
46.83
44.06
45.69
47.03
43.11
47.18
41.78
39.92
39.08
39.08
38.84
36.1
43.99
47.42
49.08
49.35
51.29
57.89
60.07
61.29
60.22
61.71
61.78
45.75
42.68
45.67
52.11
56.8
67.48
77.84
85.96
88.68
51.06
58.39
52.46
56.46
65.17
61.96
64.87
54.75
59.28
55.7
57.16
55.21
56.8
48.93
58.69
64.8
63.12
73.23
79.09
86.11
87.44
68.63
64.34
74.54
79.44
81.97
88.44
96.33
98.98
102.5
72.23
73.4
65.94
64.4
71.34
80.59
88.36
90.55
93.9
61.9
64.09
60.02
64.17
66.58
71.19
73.15
77.17
73.11
69.88
68.33
58.86
52.94
58.27
57.42
57.08
54.37
51.09
54
59.4
56.75
57.93
49.15
47.09
40.6
67.58
67.91
76.03
78.03
75.35
74.2
66.67
79.99
75.7
75.02
68.53
72.21
72.22
72.37
66.58
74.92
66.04
76.05
76.82
83.52
90.46
92.88
91.37
84.8
67.63
58.59
55.35
56.26
53.52
56.54
61.21
53.78
52.34
49.13
50.97
51.02
56.46
60.85
65.45
72.12
77.37
56.04
48.04
54.97
61.25
68.81
75.68
83.48
75.01
89.5
55.78
51.23
51.63
48.11
52.92
61.42
51.51
47.25
45
42.81
39.35
42.28
40.71
46.27
45.61
48.38
52.77
52.07
51.47
48.45
55.57
54.58
58.8
69.22
71.92
73.38
76.67
52.94
55.36
45.82
41.26
38.61
37.86
35.69
41.5
41.99
40.01
47.52
49.9
48.09
47.99
54.15
44.39
43.96
44.29
48.53
47.91
51.59
45.57
46.15
37.7
35.19
37.65
49.75
40.39
30.22
28.06
29.73
31.1
33.1
35.25
35.59
39.34
32.92
36.21
34.24
31.97
30.45
31.31
28.72
31.24
33.3
34.52
31.9
35.7
34.06
35.14
35.31
35.43
34.47
34.66
38.4
38.22
36.53
37.15
39.47
38.96
39.66
40.88
45.16
41.94
41.92
45.86
48.64
55.69
56.76
40.42
38.16
42.56
45.26
43.67
47.08
45.51
45.71
48.24
52.87
42.76
44.32
46.25
48.15
51.63
52.77
47.06
45.35
46.27
42.11
41.57
46.04
39.34
39.72
47.51
40.29
38.52
36.42
34.06
33.23
42.74
41.12
47.37
49.66
54.23
55.61
54.86
54.6
53.3
54.44
46.51
42.79
44.19
49.87
57.26
73.61
45.77
48.77
37.48
37.49
35.15
35.44
32.93
34.28
35.91
38.94
33.04
32.25
32.26
32.83
30.38
30.69
31.35
33.76
30.51
33.57
32.85
34.5
33.96
30.78
33.52
33.2
32.88
36.86
34.49
36.64
34.05
38.32
31.82
31.16
32.28
36.35
30.14
30.67
33.66
32.69
34.36
40.98
40.17
39.57
42.56
39.17
36.28
33.97
34.63
36.47
37.63
35.24
32.54
35.19
36.46
37.26
40.6
41.41
44.14
41.6
42.18
46.8
45.89
48.92
47.42
48.73
47.24
43.48
51.63
55.19
54.92
57.22
60.23
54.54
72.52
59.47
59.03
62.6
61.34
66.51
67.79
75.68
66.22
57.37
62.31
55.84
56.41
56.96
57.4
56.92
63.71
57.88
58.07
63.96
68.52
77.42
89.59
91.8
92.41
95.12
63.98
66.46
60.68
55.67
60.43
63.79
61.04
55.76
60.47
48.41
45.84
44.49
46.17
46.7
46.39
46.91
50.12
50.25
56.18
57.78
62.7
68.51
65.26
68.29
60.47
60.7
60.89
65.85
75.96
84.34
91.97
91.73
98.81
60.92
61.14
57.92
52.76
53.23
53.07
52.07
52.47
47.37
49.92
45.02
49.01
47.14
48.98
49.09
50.54
53.13
51.58
53.62
51.69
50.72
55.03
64.27
75.54
80.82
84.54
93.02
89.7
59.11
56.29
57.09
55.57
60.42
63.56
68.7
77.04
78.52
81.62
74
57.13
56.12
50.77
48.86
50.5
51.01
51.51
50.29
47.12
50.75
47.22
46.92
45.03
48.33
44.9
52.4
50.63
48.25
50.59
56.34
63.15
74.82
82.46
87.51
85.14
59.28
61
55.76
55.71
57.26
61.56
63.53
65.12
58.09
62.49
62.67
54.41
49.01
51.79
48.25
49.16
45.58
52.41
50.14
49.3
49.06
48.39
55.37
55.09
55.95
65.37
74.77
80.82
81.13
79.26
49.2
47.62
47.64
44.27
43.4
50.33
51.34
53.43
55.08
51.67
40.05
38.23
37.18
36.72
36.58
33.87
37.96
40.42
39.31
38.97
35.37
38.83
40.95
36.65
39.13
32.86
36.24
30.45
35.6
39.02
40.68
41.39
44.23
44.44
39.95
41.46
36.97
35.98
35.4
34
33.46
31.69
31.82
32.21
33.93
36.22
31.51
35.88
33.46
37.42
35.36
33.22
32.94
35.68
31.06
37.45
33.57
41.53
45.22
46.93
44.39
49.85
45.18
44.15
46.49
50.74
44.63
37.47
57.03
62.78
63.2
64.01
56.77
53.1
66.27
72.5
58.58
58.05
58.49
58.45
61.79
61.96
62.09
59.09
70.31
68.08
77
83.47
90.06
82.09
92.21
58.06
56.5
54.13
50.68
48.25
51.34
49.12
51.9
55.46
53.28
52.55
57.27
55.46
51.74
58.78
53.39
51
59.83
59.08
63.71
74.61
59.77
64.73
59.68
51.78
56.39
54.43
56.99
55.11
51.59
56.46
50.21
53.64
53.06
63.01
55.6
66.97
67.74
64.09
63.65
56.86
58.5
65.22
74.42
60.77
55.96
61.64
54.13
49.13
46.63
47.32
51.38
50.26
53.93
46.13
48.15
49.38
55.92
58.01
55.32
56.65
52.26
49.1
57.34
54.42
53.46
54.88
50.17
47.84
44.91
46.53
42.07
53.2
48.87
50.39
51.36
57.38
63.01
64.53
63.24
71.78
49.4
45.93
44.56
43.81
39.76
44.26
48.42
44.92
45.05
41.21
41.53
43.46
46.48
52.55
62.37
62.48
58.3
51.11
62.84
40.83
39.02
36.2
38.64
36.57
37.45
40.12
41.85
42.85
38.97
41.28
41.04
37.11
40.43
37.11
35.65
35.94
36.52
35.99
32.91
31.33
31.76
34.45
34.3
33.5
34.99
37.21
34.61
34.74
33.59
32.91
32.54
33.58
36.11
34.92
38.38
41.64
36.89
30.72
29.86
31.92
34.98
35.07
31.92
32.87
33.54
34.35
31.62
33.52
35.38
28.27
35.64
35.72
35.15
36.23
34.82
34.8
37.28
41.04
38.9
35.94
36.47
37.29
42.98
47.01
58.59
69.83
65.46
41.36
41.87
44.41
42.63
44.16
46.48
45.99
41.34
35.42
39.99
35.49
34.6
33.2
35.9
34.19
36.62
36.16
40.7
38.81
45.27
40.84
41.51
45.77
45.82
47.94
56.6
58.2
53.11
42.91
39.01
38.43
34.97
36.49
39.19
41.41
38.58
34.43
34.23
36.83
41.4
49.99
63.04
77.26
82.74
83.73
34.96
32
32.55
32.49
29.11
28.81
28.14
31.97
31.42
29.24
30.58
34.47
35.73
42.29
39.96
30.09
28.48
32.14
35.79
36.57
35.22
38.37
39.38
36.06
35.09
37.84
36.71
39.89
34.68
37.4
32.78
39.56
36.19
39.95
44.74
44.39
46.19
45.03
43.46
42.55
40.74
42.53
46.33
49.03
59.8
64.93
65.5
61.76
43.62
47.1
44.37
47.95
49.67
45.54
52.15
43.62
37.97
50.94
52.1
51.79
56.04
52.26
51.33
58.21
53.51
52.2
56.82
55.78
61.43
67.43
53.76
49.58
47.72
41.23
40.96
37.81
42.87
40.3
39.7
41.09
41.68
43.88
53.19
44.69
45.84
44.5
48.86
46.46
52.76
57.6
58.23
57.45
49.14
46.67
44.95
51.25
58.54
65.82
74.21
74.25
71.47
47.93
41.58
40.42
40.34
40.25
39.95
40.69
41.27
39.35
35.47
37.58
39.29
42.43
43.1
41.12
41.87
42.22
42.67
40.89
37.46
38.55
44.86
48.08
55.57
68.12
76.4
72.43
43.48
47.21
42.05
40.49
46.32
54.93
38.25
39.39
36.9
33.51
33.57
33.88
33.33
35.24
33.24
31.62
31.91
35.11
35.86
36.76
36.56
34.14
37.87
32.14
36.09
41.82
43.95
47.29
49.66
30.76
32.76
27.87
27.58
26.48
24.43
25.2
24.37
24.28
21.88
22.88
27.22
27.95
29.88
29.36
28.29
29.39
30.45
27.39
29.95
30.56
34.35
35.87
39.66
44.61
52.56
30.59
33.13
30.88
28.5
30.66
28.4
29.51
27.56
30.82
31.08
31.5
33.14
32.01
30.9
34.15
30.49
30.4
32.78
35.05
32.37
29.97
31.45
30.06
30.88
31.94
35.53
30.13
33.22
33.06
36.83
40.67
55.71
57.39
63.96
61.93
58.68
35.31
37.13
34.29
33.49
33.95
33.27
32.33
33.12
32.2
37.56
36.26
34.91
34.86
38.84
38.69
38.42
41.58
42.3
44.93
56.05
40.79
39.54
35.94
39.68
42.35
40.62
40.69
42.73
42.57
42.57
43.58
44.32
50.64
54.67
57.51
43.57
43.53
44.06
45.24
44.92
44.62
48.56
51.05
46.16
44.18
48.94
48.78
50.44
47.66
51.25
47.99
46.79
50.62
47.14
52.1
52.86
52.59
45.43
39.21
43.89
40.29
38.14
35.48
40.72
42.02
44.43
41.09
38.19
40.35
43.92
45.54
44.11
42.4
39.77
35.28
34.1
33.23
34.21
34.05
31.26
30.63
28.69
28.34
30.84
31.08
30.35
31.57
31.16
28.91
31.28
33.49
34.25
36.78
38.82
40.07
32.29
32.36
30.79
32.35
35.31
37.66
41.34
44.33
51.53
50.56
53.96
33.81
32.95
31.24
28.38
27.18
26.56
26.76
28.02
31.47
33.37
30.76
31.73
33.6
32.08
34.04
34.48
27.28
29.15
29.44
31.9
36.46
38.16
37.24
31.21
29.66
30.6
35
36.44
40.31
33.97
32.74
30.61
30.87
29.91
27.35
25.01
24.35
25.03
24.36
23.11
23.77
27.24
28.56
23.07
28.83
28.67
29.49
28.5
31.63
29.33
30.16
29.28
26.96
29.4
28.2
32.92
37.35
37.52
28.71
29.66
27.3
26.34
27.45
28.19
31.59
41.38
36.41
26.32
24.03
26.32
26.67
25.64
26.16
26.51
27.58
31.24
36.05
33.77
38.5
38.91
30.55
28.94
30.45
31.03
31.01
32.01
35.15
37.2
37.28
38.87
35.39
32.64
36.21
29.73
30.91
32.04
36.7
47.57
43.1
32.33
31.19
32.56
30.45
31.04
29.29
29.33
30.36
33.17
29.37
31.83
28.85
30.59
29.86
31.56
34.29
33.55
38.08
41.11
48.54
40.82
36.83
40.03
36.94
35.6
38.07
38.48
36.46
34.07
31.59
30.6
31
33.47
37.82
32.81
32.61
29.75
28.31
31.56
33.25
35.32
36.2
36.71
37.83
31.19
31.77
31.07
29.99
27.02
29.71
30.04
30.43
31.73
32.95
32.67
31.69
30.38
33.17
35.84
41.85
47.7
53.74
48.85
49.6
32.29
34.18
31.59
30.95
30.26
33.72
35.62
36.99
38.51
29.52
31.48
28.49
29
32.07
32.01
29.67
33.98
25.32
27.05
22.32
23.91
24.53
25.53
24.39
26.57
26.52
29.6
28.86
28.07
28.03
29.63
29.17
31.15
25.12
25.16
24.55
25.32
25.94
28.97
25.9
27.73
27.01
30.03
28.16
30.04
26.07
25.44
26.51
26.69
25.4
23.49
24.44
23
29.3
26.87
30.21
28.58
31.44
32.87
35.91
40.4
41.16
28.75
28.6
28.74
30.12
31.4
36.11
31.58
33.74
32.13
37.29
33.09
28.72
29.19
29.8
26.23
26.04
24.22
26.55
26.57
26.92
27.14
27.97
31.66
29.1
30.19
29.58
28.44
28.28
25
26.96
24.14
27.6
26.02
30.09
26.59
28.8
30.74
29.9
33.43
30.89
28.3
30.24
27.36
30.93
34.98
38.5
38.94
47.2
29.57
29.31
28.05
27.67
27.22
29.72
25.05
25.92
25.69
25.8
26.44
26.87
26.89
28.53
31.21
30.66
31.39
34.76
37.86
32.87
34.06
33.07
32.63
31.46
33.8
36.1
39.55
50.78
52.53
48.36
61.33
36.53
36.38
34.35
34.47
32.89
33.38
33.64
35.16
36.29
38.75
33.6
32.59
32.15
31.83
30.62
31.89
37.31
33.48
36.08
38.98
37.08
34.31
36.36
35.95
42.04
41.33
43.09
43.85
48.64
55.74
62.96
67.79
63.67
64.92
60.8
59.44
45.53
42.26
43.96
47.3
46.45
51.53
46.68
42.88
42.04
43.07
45.09
43.31
43.97
41.65
41.43
39.76
43.5
44.52
45.13
44.81
47.52
49.43
47.68
53.51
59.08
59.61
71.72
45.79
49.62
45.89
46.39
49.86
51.21
52.64
47.36
47.19
45.76
44.01
45.1
42.45
45.47
44.02
46.95
46.64
48.45
52.05
54.41
59.64
60.99
67.38
47.55
48.85
48.31
53.25
64.73
73.5
79.99
81.43
79.61
76.69
78.59
50.58
45.73
49.62
44.46
48.96
53.75
47.99
55.82
40.09
40.03
39.83
45.9
44.39
48.03
45.24
49.09
49.41
55.78
58
53.98
58.21
56.27
59.96
55.71
54.82
57.16
54.55
53.4
64.9
55.94
57.79
53.18
51.4
50.19
49.85
45.98
46.88
46.99
42.39
43.19
46.02
60.31
55.74
67.58
75.99
76.71
76.15
78.98
77.36
69.65
72.87
78.77
72.94
79.23
83.69
85.45
89.41
93.82
95.41
95.96
83.11
83.2
83.91
84.37
88.39
91.39
96.2
99.23
78.8
83.37
78.9
81.9
79.7
83.01
92.11
81.52
78.66
78.97
84.06
86.76
86.39
86.4
73.75
84.57
87.05
96.2
102.53
99.32
93.07
89.98
84.87
81
83.12
74.02
70.72
66.35
75.23
64.02
71.69
67.1
71.03
73.14
73.6
73.87
75.28
69.88
67.38
66.73
61.39
64.93
71.53
69.42
69.76
55.94
47.53
49.81
46.99
47.97
49.63
51.93
51.86
48.06
50.44
44.72
48.84
47.3
53.56
59.44
63.88
67.1
57.91
63.2
52.75
53.81
59.07
58.53
61.88
64.35
63.14
52.92
47.75
47.32
47.52
45.04
44.57
49.08
48.43
50
49.89
51.89
49.14
50.13
53.46
59.83
51.12
51.16
52.7
53.47
51.96
58.76
50.51
49.85
44.99
42.65
40.06
43.46
52.46
52.38
51.81
54.59
53.14
49.22
51.64
49.8
57.11
62.25
55.27
61.23
66.58
74.37
77.06
79.57
83.25
60.96
62.33
56.46
54.74
50.12
51.43
49.63
52.22
50.97
54.1
48.36
57.83
54.72
56.39
56.93
68.56
67.21
69.98
71.06
68.79
65.95
69.52
61.09
58.47
64.33
67.6
67.87
62.41
64.73
56.46
52.58
58.86
67.1
72.76
72.58
72.75
70.79
66.32
71.55
63.39
65.93
65.88
65.3
68.98
66.93
68.1
56.93
54.56
54.43
54.53
59.13
64.54
64.37
70.2
72.85
66.61
71.63
47.93
51.44
46.05
50.91
52.85
60.6
55.43
57.42
58.82
65.26
71.73
70.93
74.33
55.52
52.07
53.92
56.99
53.68
57.63
56.72
57.39
57.07
60.87
68.03
61.58
56.52
58.82
52.06
58.53
55.93
58.86
52.17
56.72
54.01
55.66
60.54
60.1
63.18
66.22
68.27
61.33
57.35
57.33
56.19
57.26
55.79
50.09
49.55
43.58
42.68
41.1
35.59
32.96
29.89
30.27
33.45
32.2
42.5
43.43
44.61
47.4
45.9
41.73
40.32
40.59
38.83
34.48
38.14
42
53.15
57.44
58.63
62.89
66.73
78.31
82.29
83.68
86.56
60.98
54.36
58.35
66.79
63.24
57.19
59.86
58.87
59.16
58.83
58.16
57.06
75.28
77.8
81.35
77.88
74.02
78.25
84.65
60.48
55.79
56.63
50.21
48.89
46.03
46.87
46.62
49.6
48.9
42.11
45.84
46.6
45.71
40.87
40.45
38.08
41.39
43.84
44.24
37.84
43.01
48.71
53.58
47.83
49.91
44.06
46.42
47.4
44.85
48.95
50.6
44.67
42.64
46.74
43.61
46.22
44.9
46.8
39.25
42.03
44.17
45.84
47.73
75.04
74.31
80.5
69.17
64.8
60.52
59.58
59.05
62.54
63.13
58.03
57.65
51.1
52.27
51.62
53.86
53.49
46.41
54.58
51.54
53.58
56.56
51.79
54.72
43.47
53.92
53.2
49.37
50.83
47.02
49.51
49.87
54.61
47.42
62.8
60.83
60.23
60.04
59.89
57.01
61.61
62.86
64.89
67.33
24.5
24.95
28.9
24.18
26.06
25.74
24.73
24.8
34.36
35.1
33.12
27.21
33.52
31.37
28.45
33.08
35.66
30.87
33.82
34.31
34.78
39.33
42.86
35.89
38.36
39.12
43.08
33.42
33.18
47.1
40.49
40.65
34.73
39.98
40.39
42.92
51.33
43.65
39.46
40.99
43.93
37.07
41.97
35.5
48.61
44.77
46.73
45.63
48.64
44.07
49.63
44.85
42.82
41.37
38.54
31.56
38.65
50.25
45.09
36.96
46.19
44.02
52.95
35.73
35.67
51.66
39.54
43.79
55.02
51.61
46.38
49.36
43.59
43.36
42.35
53.46
44.73
45.34
50.78
42.31
45.6
30.18
32.8
45.02
39.15
43.62
40.45
43.33
47.25
42.87
52.51
45.77
61.38
40.46
45.84
45
43.94
38.05
43.85
42.15
53.03
45.69
46.01
43.89
54.48
57.15
48.86
50.24
49.12
43.45
48.01
45.65
23.18
32.27
20.53
25.56
36.44
34.82
28.64
26.29
31.01
32.64
27.98
28.26
42.45
26.09
32.95
30.54
36.55
37.1
34.03
31.28
44.06
37.77
40.2
38.9
30.28
33.99
45.46
39.06
33.86
42.7
44.39
38.69
40.64
52.96
52.82
39.22
35.49
46.26
50.56
38.14
49.17
42.59
40.51
46.22
62.79
48.59
45.35
41.89
49.1
45.78
44.6
50.36
52.81
39.41
46.25
42.88
59.16
41.67
53.07
45.76
38.89
46.37
48.4
42.95
51.63
53.82
41.25
48.4
49.29
43.45
51.74
52.35
41.13
32.8
38.41
42.41
43.83
52.9
45.89
39.23
39.21
46.92
48.56
55.28
55.89
52.01
