1.7
39.36
40.16
36.35
41.87
47.01
35.12
36.51
48.06
57.64
65.44
68.61
77.93
29
29.59
24.49
25.02
24.94
24.42
26.16
24.29
22.24
23.7
19.45
21.62
21.31
21.87
23.95
21.39
22.17
24.39
28.48
34.34
34.36
37.69
21.32
19.37
19.59
21.78
23.3
27.65
28.3
23.84
27.79
20.11
19.34
18.35
19.01
18.08
19.32
22.87
25.7
22.12
20.92
19.21
19.65
21.03
25.65
30.64
42.32
41.41
20.8
20.64
17.76
20.44
24.71
35.45
39.62
38.53
17.1
20.51
16.22
16.72
17.63
17.18
16.89
17.06
18.96
21.09
21.15
17.52
16.05
14.73
15.23
14.38
14.59
14.59
15.23
13.98
15.49
14.75
13.83
15.13
15.54
15.35
17
18.53
23.53
26.89
26.82
16.83
15.96
14.38
16.08
17.37
21.38
27.43
37.68
37.83
47.54
38.16
15.17
15.81
14.43
15.11
15.68
17.66
19
17.48
16.59
15.79
15.38
15.83
17.19
17.88
18.27
21.33
17.44
18.13
19.65
17.45
18.02
16.94
17.99
18.13
18.37
18.64
18.52
15.72
17.31
18.23
17.43
18.51
19.04
21.11
18.42
32.67
41.76
51.62
59.82
71.42
79.74
96.1
95.61
109.76
38.66
40.69
26.71
25.1
22.27
25.42
19.53
19.1
17.2
16.31
17.6
16.69
17.44
16.74
18.33
18.68
17.83
19.02
21.18
25.28
35.42
32.67
42.52
20.47
16.05
19.27
18.94
18.88
20.01
23.37
23.5
21.94
20.94
20.88
16.99
18.26
17.92
19.27
25.3
35.21
42.99
42.04
16.4
15.65
16.27
14.98
14.67
14.14
14.35
14.7
14.39
13.89
13.44
13.94
14.03
15.57
13.94
14.4
17.19
20.25
26.29
34.41
41.74
41.7
15.47
16.21
16.23
14.93
16.1
14.2
13.48
13.51
12.76
13.38
13.52
14.48
14.67
12.45
12.64
13.69
14.56
15.39
16.58
18.29
22.53
26.39
14.7
16.09
14.65
16.33
20.4
29.31
33.85
34.33
16.94
18.31
14.71
15.31
15.78
17.65
14.56
13.43
13.88
14.18
15.79
18.03
22.03
28.43
33.19
31.74
38.33
14.36
14.5
14.04
13.13
13.03
13.26
13.65
12.72
12.76
11.29
12.19
12.79
13.74
12.71
13.41
12.14
13.15
11.78
12.9
12.86
15.36
14.63
17.66
11.71
13.38
12.54
12.01
13.41
13.76
13.54
12.61
13.4
13.42
12.83
13.64
15.04
13.22
14.76
15.04
14.44
14.46
14.21
15.27
14.53
15.39
16.49
15.61
15.63
14.54
15.73
14.46
12.67
13.56
14.23
13.37
14.98
16.47
15.26
12.12
12.19
11.94
13.45
14.01
13.58
13.94
13.96
14.64
18.18
12.9
15.49
12.85
12.96
13.76
14.1
16.68
10.86
11.77
10.89
12.1
12.09
11.97
12.5
13.11
14.43
11.89
11.28
12.89
13.28
16.29
20
23.92
25.59
24.98
12.87
13.54
12.24
12.1
13.23
13.26
14.85
17.44
17.84
19.79
17.19
15.92
13.09
13.38
12.17
12.65
13.85
16.28
18.01
16.5
12.92
13.05
12.82
12.02
12.12
13.07
13.25
13.33
13.7
15.36
15.34
14.15
13.71
14.47
14.57
14.28
15.04
14.74
12.82
13.48
13
13.51
11.8
12.78
13.15
14.39
14.13
13.33
15.52
12.82
13.62
14.51
14.31
12.44
13.53
16.22
19.27
20.92
20.33
13.96
15.26
13.46
13.66
14.67
16.02
16.31
17.26
15.09
15.17
13.85
12.95
14.76
16.81
15.8
12.94
13.26
13.15
13.51
13.39
13.87
14.72
14.74
14.71
15.02
13.94
13.78
14.38
16.28
16.63
15.88
13.32
13.96
13.89
15.52
15.39
20.05
22.41
18.33
17.46
20.48
16.96
18.95
16.9
18.84
21.62
22.36
22.65
20.15
22.13
21.36
23.48
19.52
21.56
25.94
31.32
30.01
36.78
19.65
18.05
18.44
17.72
21.37
22.9
22.63
14.95
17.23
15.27
14.75
15.1
14.98
15.75
16.98
17.61
15.37
17.93
21.19
25.23
17.62
17.69
15.27
16.87
19.65
20.46
21.48
23.85
17.54
18.6
20.24
23.88
29.43
36.16
24.4
26.47
22.4
21.11
22.64
22.62
20.03
23.73
23.23
20.92
18.42
22.63
20.14
19.45
19.65
20.71
21.98
23.79
18.49
19.72
21.94
26.01
25.48
26.76
16.5
21.25
21.81
18.31
18.44
18.83
18.19
21.13
21.68
22.44
22.89
20.67
20.49
23.91
16.74
16.51
16.01
16.15
18.5
21.92
19.06
17.96
18.59
16.79
16.7
21.24
20.34
22.75
16.52
17.69
13.74
13.81
14.16
15.6
15.85
18.4
13.41
14.92
12.32
13.56
13.22
13.63
13.63
14.11
13.9
14.4
15.15
16.21
15.25
16.69
17.71
20.89
15.44
14.96
15.08
16.34
16.25
18.8
21.97
21.26
13.94
16.99
16.13
18.29
19.96
18.33
18.9
15.83
16.34
17.5
16.5
18.91
15.65
15.43
16.54
16.43
16.36
17.97
17.91
18.04
17.78
18.75
22.54
23.42
24.04
17.75
19.29
23.15
29.72
35.32
32.6
36.31
17.33
17.6
17.76
16.3
18.44
19.29
18.57
14.87
15
14.35
14.78
16.53
15.95
18.69
21.48
26.78
14.33
14.34
13.14
14.33
15.49
16.49
15.56
14.92
15.69
14.3
17.73
22.09
29.32
37.97
39.07
46.33
14.98
14.81
14.45
15
15.67
16.22
14.56
14.42
13.03
13.63
15.54
12.47
12.91
13.05
15.59
16.76
20.3
23.98
32.38
40.25
40.98
42.97
15.74
14.82
16.01
15.94
19.34
22.77
23.96
25.21
16.23
17.39
13.7
12.89
13.97
13.36
14.74
12.77
13.11
13.72
13.46
14.64
14.23
12.81
14.33
14.73
14.56
14.77
17.7
14.74
15.85
15.51
15.43
17.76
20.09
30.7
38.9
45.47
52.32
59.55
42
15.78
17.21
13.7
14.69
15.69
16.45
16.59
18.62
16.82
16.02
14.13
13.69
13.97
14.83
15.21
13.5
15.01
12.71
14.81
16.17
17.08
20.05
18.29
14.86
16.95
14.99
16.31
16.93
21.75
20.83
24.35
25.02
26.92
18.28
20.54
16.04
16.31
16.46
17.63
17.71
20.32
15.58
17.55
13.66
13.86
15.74
14.03
16.6
14.6
15.56
16.74
17.39
16.92
19.98
16.79
16.85
15.3
16.11
17.75
19.57
19.03
15.83
15.6
17.73
17.39
19.44
20.36
17.82
19.08
18.91
15.85
16.71
19
19.17
19.37
17.12
17.17
18.16
19.76
19.71
23.94
24.66
25.59
21.17
23.22
21.29
21.96
22.06
23.21
22.59
23.07
24.08
28.02
31.96
34.79
34.59
26.03
27.7
22.65
24.7
24.38
20.96
21.83
23.88
26.65
28.08
26.62
28.11
28.9
31.78
31.87
35.02
27.48
21.98
26.38
26.56
30.72
37.23
38.26
42.68
26.49
23.33
22.85
26.11
25.63
23.13
22.29
22.57
23.91
26.26
28.33
33.12
28.67
38.07
21.88
19.13
20.35
21.79
22.7
26.12
28.31
25.31
23.68
21.94
22.06
20.98
23.84
21.74
22.8
18.26
19.56
22.79
17.81
20.18
18.26
17.65
17.43
18.3
20.67
19.2
15.9
17.22
16.23
16.4
16.06
18.42
16.01
19.9
17.48
15.25
16.66
20.64
20.88
20.84
22.1
19.61
21.02
26.55
33.93
39.54
40.69
49.22
20.45
20.17
15.75
14.01
15.06
15.3
16.75
17.56
16.3
15.84
15.76
15.69
13.09
13.44
15.01
19.49
18.67
17.91
13.24
12.58
13.3
13.28
15.67
18.79
20.78
19.96
12.52
12.59
11.98
11.82
12.53
12.16
13.12
13.07
12.79
12.81
13.42
15.51
17.14
19.65
17.93
13.36
14.28
13.53
14.73
16.86
23.2
26.45
22.67
14.95
15.53
14.92
14.86
13.93
14.94
16.08
18.2
16.08
17.35
18.25
20.47
20.94
17.59
20.84
16.58
21.31
22.08
22.77
25.46
28.95
22.52
18.88
25.92
30.45
34.05
32.84
35.02
37.39
24.02
22.46
27.84
28.58
33.32
35.44
35.48
26
25.58
26.39
29.4
30.75
26.6
22.61
21.2
22.92
24.18
24.59
29.26
20.04
17.79
18.29
16.34
14.35
15.88
16.52
14.53
17.03
19.55
15.12
17.57
17.34
17.95
19.36
22.19
24.25
27.28
29.06
18.68
17.91
19.92
21
26.87
30.5
35.35
32.58
32.74
20.97
18.24
17.3
16.33
16.82
17.44
18.92
19.03
14.08
15.65
13.69
13.8
13.95
14.28
19.92
11.22
13.53
14.13
16.22
17.69
19.46
17.73
17.78
16.01
16.72
17.22
15.89
14.37
14.75
15.01
15.61
15.48
15.84
15.72
16
18.36
17.75
22.39
24.48
20.43
20.53
20.76
16.54
18.32
15.54
16.64
17.73
17.83
18.36
16.83
16.86
18.37
17.06
19.02
16.3
16.65
19.83
19.79
21.52
21.39
23.99
16.19
18.82
15.47
14.29
14.65
14.24
15.44
13.91
13.39
14.35
14
15.6
18.68
15.93
13.25
13.7
12.86
12.76
14.16
14.23
14.46
17.27
13.26
12.91
11.58
12.01
12.68
14.14
13.35
12.81
13.68
12.73
14
17.06
20.31
14
16.07
14.31
13.09
13.75
14.65
12.68
13.2
15.35
12.12
13.07
12.43
13.09
15.23
14.8
16.01
13.65
15.33
16.17
19.12
17.23
20.65
14.5
14.53
14.26
13.8
14.53
15.66
19.33
21.03
23.48
24.88
26.74
11.78
14.28
12.19
12.68
12.79
13.69
14.22
14.35
12.1
12.8
12.15
12.99
14.7
15.26
17.2
18.44
17.3
12.86
12.14
12.81
13.67
13.78
14.27
12.86
14.53
17.19
22.28
26.58
25.92
29.52
14.08
14.64
13.69
16.51
19.61
23.89
21.51
27.83
16.34
13.78
15.3
17.11
22.11
30.23
21.3
15.1
14.54
14.17
14.79
16.5
17
18.08
14.97
14.99
13.86
15.77
15.98
15.47
16.47
17.56
17.74
16.61
18.47
16.42
15.62
16.6
18.81
19.61
22.77
23.34
20.2
21.14
18.25
20.42
19.55
16.55
17.13
16.45
17.44
15.97
17.07
17.68
24.43
24.37
27.07
33.14
34.9
41.1
47.02
58.03
52.11
34.81
31.82
39.9
40.91
50.18
56.77
58.99
68.35
35.14
34.75
40.16
40.85
38.5
34.97
32.48
30.68
35.87
39.08
40.92
42.6
27.72
27.18
25.54
22.06
20.87
22.54
22.89
24.16
19.59
19.54
17.35
19.19
19.03
18.77
18.47
18.88
18.68
19.17
18.9
20.39
23.04
24.71
26.01
25.12
23.08
22.02
20.47
19.97
21.54
24.8
27.05
32.83
35.97
44.35
46.43
46.34
46.15
22.41
24.78
21.08
21.91
22.53
23.13
24.76
25.52
23.83
24.12
21.66
25.04
24.53
23.66
22.17
29.01
24.2
29.15
36.61
50.35
35.8
35.06
36.35
42.72
40.16
46.08
54.63
57.44
65.92
79.24
59.84
42.72
40.33
37.34
36.75
38.75
39.52
40.08
44.81
34.42
36.48
36.44
39.87
35.8
34.33
37.35
40.89
34.68
33.49
33.7
44.28
46.76
46.02
57.34
66.22
82.29
46.43
40.65
34.78
37.87
31.08
25.32
26.59
23.58
23.89
18.45
18.26
16.21
16.44
14.79
14.5
15.31
16.2
17.98
14.29
14.95
13.77
13.73
16.32
16.46
24.21
23.94
13.96
14.79
13.17
13.39
14.5
13.98
12.79
11.86
13
12.7
13.74
13.08
11.84
12.85
11.44
12.43
12.58
13.89
15.28
14.75
11.66
11.65
12.8
15.17
19.63
25.56
23.71
26.91
12.25
11.58
11.7
12.22
11.64
11.28
10.42
11.34
11.33
13.32
11.6
11.57
11.25
11.13
11.34
12.68
13.28
13.39
13.16
12.15
12.97
10.92
11.98
10.56
10.45
10.78
10.72
11.4
11.88
10.65
10.67
9.94
11.33
11.81
12.44
13.04
14.23
10.69
11.96
12.28
12.36
13.02
12.81
15.36
16.71
13.36
12.03
12.62
11.14
10.91
10.8
11.1
10.85
11.06
11.62
12.71
12.64
15.24
15.26
11.91
12.54
11.77
12.9
14.1
14.49
15.82
16.24
17.89
12.49
12.28
11.92
12.66
12.8
12.15
12.56
11.49
13.64
14.04
16.15
15.33
18.86
12.85
13.8
13.23
13.19
14.27
13.56
14.95
15.21
15.73
14.95
16.88
15
16.06
18.11
23.86
28.15
26.83
15.69
15.89
13.24
15.03
13.88
14.37
15.33
15.79
16.35
16.76
14.25
15.5
16.43
16.26
19.39
16.45
17.47
20.53
21.15
16.18
18.02
17.33
17.17
20.95
21.76
21.99
24.98
18.52
17.6
18.69
19.76
16.85
16.82
18.16
18.39
17.85
19.86
23.54
31.22
40.86
47.48
55.14
19.81
17.58
21.36
19.69
23.44
25.48
23.99
19
19.06
17.23
18.1
19.15
18.62
19.28
19.85
20.73
23.93
27.57
21.23
23.72
20.36
21.52
23.52
21.03
21.47
22.63
23.3
25.47
26.84
29.37
28.47
24.13
23.01
23.14
21.67
28.53
33.71
31.83
37.19
21.49
20.34
16.06
16.5
17.12
20.52
18.3
16.24
16.03
16.43
16.38
17.99
21.91
28.93
28.53
16.13
16.09
13.16
12.32
12.92
12.1
13.66
13.89
13.67
14.06
13.93
13.83
13.16
13.04
12.69
12.59
13.5
16.17
16.09
17.4
12.32
13.28
13.18
13.3
13.97
13.97
14.18
13.16
14.06
17.08
20.4
19.98
22.32
15.52
15.83
14.62
17.65
18.33
16.29
18.85
16.46
19.27
15.67
16.01
19.17
21.61
17.68
20.6
16.84
16.81
16.76
17.73
19.97
19.57
21.94
17.32
16.87
16.33
17.45
18.74
17.69
20.34
18.43
19.27
20.11
23.17
18.7
22.5
16.6
18.91
22.78
29.61
34.6
39.76
41.12
33.85
43.99
19.01
20.29
17.27
21.02
22.69
28.86
33.82
31.41
27.18
24.35
25.18
22.92
25.76
27.83
33.21
40.07
40.23
27.76
23.65
24.66
25.51
27.18
34.05
36.51
41.74
49.8
22.68
22.38
21.05
21.18
23.7
22.79
25.75
25.87
24.12
24.19
26.03
28.98
31
37.5
51.58
54.77
23.33
24.97
29.71
32.65
41.36
51.44
63.23
61.39
74.3
81.27
73.94
35.63
36.72
33.4
38.32
43.56
48.1
59.65
49.83
45.01
36.66
54.16
52.98
57.88
55.52
57.39
46.35
49.14
43.45
48.86
49.77
58.8
45.02
35.02
33.95
25.71
28.79
29.07
30.38
32.4
35.33
44.62
51.38
48.49
53.05
31
31.28
25.62
24.96
23.14
24.72
24.44
25.49
24.34
24.92
24.71
24.64
24.71
31.17
34.08
35.86
40.38
44.45
61.48
43.3
43.3
46.97
55.8
61.25
61.69
38.96
39.29
35.23
36.13
36.09
40.77
38.94
46.6
34.23
33.58
31.47
32.65
38.58
45.33
53.16
62.46
69.89
33.31
29.32
28.85
30.85
33.07
31.34
34.9
26.88
24.77
25.06
24.33
24.7
25.99
27.75
28.98
21.26
21.62
19.74
19.42
19.14
23.18
25.08
27.49
26.66
25.31
28.88
17.11
18.4
17.66
16.4
17.47
17.13
17.43
17.51
19.61
17.58
19.48
17.76
17.77
14.92
15.74
17.28
17.44
19.65
15.96
19.03
19.91
26.02
33.11
42.42
39.19
19.23
20.84
17.73
19.97
20.03
21.87
20.96
20.2
20.75
17.25
18.32
16.48
18.85
18.71
19.85
18.35
17
16.59
18.8
20.55
17.41
19.65
21.87
26.42
28.72
31.73
27.81
22.19
24.17
19.31
20.19
19.87
21.3
22.54
24.94
19.5
20.36
19.06
21.89
24.55
27.59
27.34
24.39
27.05
22.42
23.79
25.55
28.6
25.19
26.6
30.26
36.99
32.62
24.3
24.26
24.29
24.35
28.82
36.17
33.36
40.61
24.37
21.62
25.62
25
24.57
30.6
28.89
30.32
33.46
35.69
41.71
33.47
38.93
37.66
33.83
36.99
41.69
48.81
54.7
64.5
58.75
32.58
29.42
28.44
30.72
32.7
36.13
36.73
32.75
27.62
34.4
36.65
38.29
36.65
33.53
35.87
39.16
37.35
38.02
43.44
38.3
38.26
42.99
47.01
43.54
50.29
36.83
38.55
36.85
36.65
35.84
33.91
37.19
34.57
34.64
36.05
34.77
38.07
36.85
39.02
41.54
44.13
44.4
44.21
38.13
33
35.45
35.72
33.49
36.45
37.66
33.8
32.12
32.19
29.89
29.32
30.49
30.44
27.53
28.25
30.38
33.23
37.47
39.01
45.33
42.7
44.79
34.87
35.36
33.25
32.39
34.58
33.17
30.43
33.04
31.29
30.87
31.5
31.82
30.9
29.07
30.52
29.71
28.72
29.27
31.73
35.68
39.28
44.57
37.38
52.97
29.09
28.03
29.62
33.49
42.29
49.85
64.39
81.28
71.1
29.18
30.75
30.89
31.6
32.91
38.68
36.62
41.07
39.79
41.82
30.7
29.62
30.05
28.57
30.71
35.92
40.79
48.61
27.76
29.13
26.67
25.21
27.83
29.7
29.7
29.37
31.54
34.01
33.09
35.06
34.6
36.43
37.4
38.98
45.12
50.15
41.86
38.49
40.08
34.51
37.76
39
36.44
36.23
34.79
36.46
39.91
43.73
52.66
59.29
57.53
37.53
32.83
35.33
32.22
31.97
29.93
28.46
27.07
26.46
25.9
28.36
29.03
29.99
28.54
25.85
26.23
25.85
26.83
26.81
26.2
27.01
28.21
28.92
29.32
28.98
25.99
26.67
26.72
29.7
28.99
32.14
30.56
32.08
33.05
39.9
44.21
48.68
50.48
32.26
31.43
28.09
29.34
28.25
31.21
31.87
29.01
27.13
25.43
28.85
29.11
27.27
27.23
32.47
28.25
34.2
38.34
42.1
50.08
59.42
63.93
40.71
33.61
43.19
45.27
51.09
57.8
56.12
62.46
43.32
44.17
41.05
41.16
44.39
48.69
36.53
34.16
40.05
46.08
51.69
55.48
62.84
30.65
27.64
26.51
25.51
24.86
29.65
28.15
34.05
24.62
26.35
22.02
21.55
22.28
23.44
23.75
27.55
22.45
21.89
21.94
23.5
26.48
22.37
23.7
22.43
23.69
28.3
26.98
25.52
24.75
26.13
26.09
29.25
27.34
23.94
28.63
24.44
25.68
29.91
31.01
30.59
31.1
27.27
25.58
27.76
28.72
34.36
46.1
60.91
69.01
66.57
29.31
26.13
26.2
25.31
26.24
28.43
27.01
24.76
25.06
23.55
23.73
26.41
30.81
33.71
34.3
26.86
26.23
26.05
29.32
28.26
29.36
29.07
28.92
30.17
28.04
31.15
36.66
41.91
27.09
30.15
29.03
33.19
36.77
35.82
38.44
39.54
36.37
39.54
37.07
34.95
31.62
32.98
37.37
43.2
54.51
63.76
67.66
38.14
38.8
31.74
35.43
34.06
34.72
32.83
33.81
34.51
34.8
32.25
33.07
37.78
40.5
37.75
38.53
38.2
41.34
41.76
35.53
37.77
37.56
38.21
41.11
39.41
37.49
38.99
40.37
45.53
49.83
56.19
56
45.65
41.33
39.51
41.64
42.89
48.83
42.86
50.62
37.09
35.87
37.38
38.23
36.91
35.67
33.39
33.4
32.6
34.89
32.38
34.74
34.71
31.21
32.2
30.08
34.56
37.95
43.79
48.73
58.5
28.3
30.14
27.35
28.75
33.44
31.31
39.83
29.83
26.79
25.96
22.88
25.33
22.15
25.36
21.32
20.75
23.33
24.82
28.64
28.97
28.62
26.93
31.15
21.19
21.85
20.04
18.91
20.59
22.73
23.23
25.83
23.23
23.67
26.42
17.98
18.54
18.15
16.97
17.6
17.44
17.4
17.82
18.08
19.27
21.49
23.83
24.05
22.48
23.96
22.58
20.81
22.06
23.26
25.1
26.65
25.99
23.27
31.24
29.96
30.89
32.56
36.06
28.24
35.55
23.55
20.62
17.94
10
23.16
24.98
23.11
32.07
20.79
25.41
51.84
65.76
65.7
61.83
59.84
75.94
66.33
86.08
81.03
49.13
20.76
30.18
22.33
23.14
24.33
15.93
16.92
17.15
15.48
14.96
18.73
18.92
17.82
20.78
19.4
19.74
15.09
19.43
22.14
26.3
22.6
23.46
18.98
26.17
27.05
23.17
37.52
25.99
25.25
23.76
44.85
28.47
24.56
25.9
23.44
28.84
29.8
28.24
19.7
22.85
23.18
26.46
26.14
24.35
29.36
32.82
37.45
19.08
30.75
26.02
25.56
30.64
25.89
29.64
25.41
30.25
23.92
31.6
28.7
27.82
32.62
28.74
30.62
28.36
32.41
32.21
23.36
32.23
40.03
30.79
41.67
27.66
38.15
36.33
71.27
29.91
33.85
35.59
39.6
30.3
27.39
39.65
34.96
27.32
36.53
31.84
35.94
37.79
29.36
37.02
38.23
30.35
35.62
30.33
33.65
43.95
32.43
41.93
40.78
36.02
33
34.39
40.35
32.4
31.07
39.36
45.14
41.35
49.03
32.17
38.48
32.26
46.68
36.29
37.6
39
37.1
41.8
41.71
45.95
39.71
46.35
35.43
45.46
39.44
40.3
39.04
36.98
46.81
35.17
41.02
39.94
44.05
37.68
33.55
55.49
39.63
53.51
35.9
42.5
36.25
38.17
42.64
48.03
52.16
45.18
45.67
50.47
48.93
47.01
45.95
45.84
44.24
70.28
52.18
37.39
47.91
46.63
45.26
33.77
35.12
35.55
54.81
41.13
37.35
73.99
47.94
48.72
44.89
47.61
23.14
25.02
30.29
23.95
27.97
27.11
33.69
33
34.45
42.23
32.47
38.41
33.59
31.43
45.63
43.53
40.67
48.72
37.17
44.51
47.72
46.44
43.25
38.57
38.55
46.7
56.1
33.59
51.99
50.92
39.05
40.78
54.48
54.61
47.45
50.07
44.28
45.4
41.06
50.99
38.84
47.05
41.07
51.71
51
62.62
47.11
42.09
45.28
45.9
