2.8
89.81
82.02
86.44
95.17
99.62
96.11
77.98
72.38
69.59
60.55
59.56
63.05
58.77
66.88
57.62
61.03
52.85
53.34
55.62
54.67
58.57
60.95
50.47
46.78
49.79
48.76
52.15
55.92
52.43
44.53
39.97
43.03
43.43
44.27
43.81
47.73
42.78
42.39
43.88
44.75
46.39
47.87
46.86
46.33
49
46.55
47.99
47.55
48.41
48.1
52.19
48.47
44.31
44.18
42.73
47.66
46.97
49.11
47.5
50.81
53.89
56.84
59
67.27
56.86
47.86
46.17
44.62
46.8
49.69
49.73
50.24
51.43
46.21
45.8
43.88
41.03
40.34
41.93
41.91
42.22
38.31
38.83
38.41
40.42
41.57
44.31
46.75
45.92
50.86
39.14
39.53
39.67
41.16
42.57
43.69
41.63
40.6
38.68
40.25
44.15
48.69
52.77
44.84
42.35
44.53
39.58
43.65
44.63
46.08
48.03
40.93
37.4
40.56
43.78
46.68
53.15
57.65
58.89
64.3
65.23
63.91
40.76
38.95
40.23
41.96
41.47
40.59
42.45
38.01
38.28
33.9
34.05
33.32
36.49
36.74
36.12
38.13
42.96
51.33
58.38
59.71
43.04
43.04
42.31
45.16
46.3
45.62
42.89
43.53
45.87
46.63
44.79
44.98
44.52
44.2
45.93
43.73
44.71
41.54
42.87
42.24
44.46
44.53
49.5
51.75
53.38
62.71
49.44
44.67
48.51
50.74
59.2
66.63
75.3
74.54
77.39
47.85
42.21
45.8
46.05
50.13
48.6
46.76
49.08
48.7
56.39
59.85
67.71
71.82
86.22
95.35
93.65
49.65
46.71
50.78
47.85
46.88
48.4
50.72
51.23
49.02
44.04
51.5
46.95
49.35
50.92
51.19
55.05
55.23
54.27
44.79
44.24
45.92
47.39
43.64
44.53
48.25
50.27
48.24
49.1
47.99
50.06
48.94
54.42
54.86
53.59
51.01
48.06
53.63
60.9
61.24
67.11
65.7
74.42
85.8
99.27
100.86
111.36
57.29
56.71
54.13
60.64
68.8
79.05
84.4
88.81
91.21
56.86
48.05
55.37
49.43
47.26
47.14
44.1
42.81
40.85
44.05
46.44
47.47
39.94
37.22
38.31
36.94
36.96
34.24
36.12
36.7
35.13
34.73
37.55
39.79
37.83
38.32
38.83
36.38
37.19
37.22
38.5
42.1
46.92
47.95
55.1
56.53
57.62
60.29
62.97
40.1
37.68
41.03
42.61
41.93
42.04
42.98
42.35
40.85
39.97
39.85
41.26
39.87
44.51
39.65
44.52
44.46
43.99
43.78
47.97
44.58
44.51
44.67
46.5
46.76
48.2
49.81
43.83
48.28
44.01
42.32
42.81
43.15
40.07
44.17
45.12
44.95
47.08
55.15
47.24
40.39
39.52
39.33
43.18
43.37
43.4
44.59
45.49
43.3
44.27
44.46
47.15
38.76
36.06
38.2
38.66
42.72
48.24
59.21
61.98
36.34
34.14
34.44
34.05
35.99
33.16
39.34
33.69
35.39
32.68
34.09
35.82
37.31
36.03
40.28
34.51
31.9
34.18
33.74
34.9
36.54
36.69
34.15
34.27
35.79
37.8
39.17
41.22
42.28
39.1
38.84
36.15
44.07
47.04
47.29
48.55
46.52
53.68
50.14
47.21
53.68
50.34
50.93
53.08
51.43
48.57
46.79
50.37
53.87
61.17
70.96
84.56
91.57
92.92
52.18
58.92
50.01
48.84
56.92
66.24
67.02
80.59
44.7
40.47
44.75
46.36
44.18
43.06
45.04
41.4
44.55
48.41
47.43
50.37
52.45
50.43
50.6
52.28
50.09
48.24
47.61
48.9
47.65
47.38
52.27
54.28
63.8
56.87
46.01
49.38
40.2
41.02
41.91
39.07
44.17
39.64
42.22
39.88
41.44
43.97
42.14
41.41
41.85
41.37
38.14
42.29
39.89
41.19
41.21
43.76
43.14
41.45
46.57
54.37
51.86
44.47
45.36
49.65
55.64
56.45
54.37
60
55.11
59.99
63.67
63.22
68.2
71.93
76.06
83.77
70.4
66.39
72.32
70.91
71.92
76.59
87.27
98.59
96.27
97.56
61.97
56.69
59.39
60.51
64.8
66.16
61.44
57.7
58.16
58.33
64.6
60.45
62.06
67.49
76.42
82.5
85.38
94.91
54.73
54.52
51.16
45.68
42.66
40.93
44.84
45.83
49.37
47.65
46.88
47.08
47.32
49.11
49.41
44.67
44.99
50.68
48.59
48.65
47.35
48.58
48.03
47.03
52.1
45.57
48.21
47.14
47.77
46.01
47.49
50.83
43.44
55.9
44.09
41.68
42.69
46.17
47.08
49.92
50.99
49.57
45.87
45.78
43.39
43.92
44.9
51.02
57.46
54.46
42.02
44.13
42.34
43.46
46.75
49.67
58.02
63.37
72.01
80.36
76.51
40.63
42.1
42.54
42.66
44.84
49.39
45.29
53.11
38.97
39.23
40.07
40.33
38.32
36.43
35.9
37.84
36.5
36.72
37.09
40.6
41.32
43.75
47.34
52.9
57.29
48.78
61.52
47.15
47.08
46.04
47.02
48.99
52.44
52.8
55.3
48.67
49.89
46.38
47.12
45.39
42.14
47.91
46.32
52.72
58.07
61.47
65.07
69.88
76.47
81.22
55.91
58.44
60.54
55.16
53.7
50.93
52.13
52.18
50.86
48.39
46.33
47.79
49.49
47.95
50.01
47.14
56.13
57.1
54.52
57.68
57.28
51.04
62.28
64.52
65.19
67.23
69.37
67.22
66.16
77.92
87.72
101.77
106.26
103.39
101.59
101.27
78.96
88
65.62
63.23
76.63
82.11
78.33
74.61
51.55
58.52
44.49
47.87
52.14
54.72
56.24
54.07
43.32
44.34
41.55
43.36
47.51
47.93
49.01
41.7
36.01
43.03
46.36
50.72
55
56.49
61.88
49.78
43.36
45.28
42.89
42.78
43.52
46.05
49.34
44.19
42.13
41.95
44.43
45.57
44.59
42.94
44.46
42.2
43.68
47.33
48.09
57
55.54
56.14
57.38
58.36
57.31
63.87
69.01
69.92
76.17
80.33
81.25
77.34
70.49
72.17
73.85
78.86
87.12
96.79
106.49
100.24
78.06
89.82
81.65
87.34
94.81
105.26
110.17
107.42
105.72
83.78
93.79
71.9
71.61
72.11
73.63
64.16
60.75
60.48
60.11
61.04
53.34
59.37
56.52
50.22
55.19
50.28
45.97
45.59
45.98
44.08
50.78
49.03
50.75
51.76
52.77
60.46
71.05
75.52
78.68
44.97
39.65
40.76
42.75
38.92
40.83
38.23
42.98
43.98
42.94
42.85
44.79
50.67
56.75
62.45
72.33
41.52
41.66
40.39
40.74
40.65
40.43
39.38
38.92
41.62
40.9
43.12
43.58
47.98
48.13
48.25
50.02
44.22
49.37
48.49
50.62
55.03
45.19
41.96
43.78
44.51
45.82
50.15
46.64
45.85
45.19
49.94
47.72
48.66
48.64
57.56
60.51
68.76
44.32
44.85
40.58
40.06
40.54
40.55
43.86
42.26
41.24
42.51
42.93
40.99
41.92
46.59
45.12
46.72
50.08
54.29
59.97
64.41
72.4
45.81
44.53
50.03
50.32
53.46
50.86
51.78
50.12
45.58
51.33
47.31
47.8
39.86
40.11
44.13
41.98
42.74
50.07
50.94
52.35
41.72
40.57
45.42
45.91
47.29
47.66
46.04
44.8
48.78
46.32
51.71
57
66.1
73.56
74.66
89.19
54.49
54.18
55.89
58.3
57.36
58.47
58.35
56.96
54.39
62.17
64.98
65.7
66.36
63.75
74.64
61.73
62.52
62.9
66.47
72.48
65.06
58.75
58.46
58.61
53.97
61.46
62.01
52.8
68.07
72.57
79.79
86.88
94.25
104.43
94.96
94.51
79.73
74.29
79.95
84.08
89.92
97.27
110.23
115.2
113.39
115.61
86.07
79.78
75.4
71.76
71.35
69.11
72.55
82.99
75.13
67.41
66.03
69.36
68.71
69.75
74.59
71.39
70.67
71.53
73.19
76.04
79.91
91.96
95.83
101.35
94.93
96.96
90.45
71.48
69.5
72.21
74.62
75.53
75.06
74.86
77.37
75.91
72.11
79.41
85.04
84.56
89.45
84.97
87.38
78.74
89.7
91.94
101.53
105.55
102.1
89.5
99.11
89.67
90.68
84.27
77.4
80.31
82.37
85.97
82.52
75.94
77.35
74.14
71.79
83.14
89.41
87.81
84.17
90.88
63.38
58.17
50.82
46.22
49.32
49.58
48.26
52.74
42.38
45.07
39.76
40.51
37.78
38.53
38.66
43.31
43.89
43.34
42.11
43.81
39.73
38.55
40.17
40.58
44.18
45.75
48.08
52.23
53.96
40.04
42.26
42.51
41.7
43.69
50.42
43.92
53.25
38.39
36.73
36.99
39.53
37.35
38.46
35.25
40.21
43.37
38.63
39.05
39.42
40.7
42.22
41.33
38.86
37.76
39.22
38.65
39.21
40.04
39.6
38.52
36.69
37.04
33.65
32.51
33.37
32.14
30.07
34.66
35.15
37.25
34.7
40.68
44.84
49.1
51.49
59.41
59.83
60.51
41.78
43.7
39.42
38.22
37.83
35.95
38.74
41.73
40.14
35.05
35.92
36.17
34.92
35.19
35.47
37.38
39.05
37.84
38.95
43.93
35.11
35.09
37.51
39.25
42.81
46.35
53.13
62.92
69.73
37.16
41.66
35.38
35.01
34.75
35.51
33.35
35.93
36.28
36.84
36.52
38.91
37.61
36.3
35.33
38.21
37.05
34.99
34.21
34.25
35.14
36.1
36.31
37.02
35.95
34.11
33.77
33.19
35.18
35.99
39.27
40
40.07
40.57
37.29
44.55
39.07
44.09
43.19
44.65
46.87
48.58
52.01
57.18
64.7
43.7
42.17
42.83
44.89
49.25
55.17
48.63
61.5
44.5
43.04
44.14
45.08
47.05
53.74
44.34
39.49
43.19
43.06
46.16
54.98
57.9
61.25
42.14
42.79
43.01
40.78
36.92
38.76
42.08
43.4
40.5
38.38
37.01
35.53
36.44
39.4
41.92
38.97
35.7
37.71
38.25
41.15
43.38
44.34
44.49
43.54
39.83
37.82
39.94
39.18
39.19
40.03
38.76
39.65
37.92
39.26
39.29
40.6
42.56
43.2
44.81
50.43
52.89
58.36
60.84
63.76
61.19
59.15
41.73
40.18
44.93
42.63
39.86
40.68
43.56
44.48
44.62
46.45
46.74
45.18
47.21
42.62
50.71
48.84
56.01
60.13
65.54
76.44
75.58
75.65
78.14
59.55
57.24
58.57
67.71
76.04
78.45
79.67
75.37
85.46
67.08
73.36
58.57
53.19
49.24
51.9
43.47
43.07
46.77
47.93
47.63
51.44
50.57
47.9
52.16
43.17
38.83
46.12
46.42
52.44
58.71
63.28
67.97
64.54
64.78
65.77
41.51
42.5
40.11
37.38
34.88
35.91
34.98
35.36
38.49
36.7
41.79
43.56
45.87
50.48
55.71
51.57
59.66
41.66
45.95
40.06
41.27
43.77
41.5
40.49
44
50.41
55.87
64.09
68.43
69.99
71.15
48.31
46.94
48.78
48.8
51.75
47.99
66.14
73.02
78.6
83.56
81.14
85.44
75.19
79.97
69.26
60.96
62.98
63.13
63.99
56.8
59.1
47.81
45.8
47.04
45.17
52.44
44.74
42.91
49.45
37.46
40.47
38.43
40.63
42.32
41.57
41.38
43.72
45.49
49.89
46.01
58.3
44.55
49.8
39.61
38.65
38.32
38.73
38.24
37.06
37.9
38.47
40.24
38.9
37.9
43.03
46.07
43.49
39.69
40.88
42.67
48.74
46.31
46.39
50.72
54.6
53.27
54
53.8
54.69
45.21
48.64
45.16
43.35
43.71
44.87
49.12
52.01
41.63
37.36
44.22
42.44
42.65
45.7
40.9
43.43
44.71
46.26
49.7
57.32
70.67
80.34
86.06
90.49
48.31
41.2
48.78
48.05
43.79
45.1
43.12
47.9
49.99
50.5
54.49
54.56
54.68
59.19
64.04
66.41
53.66
56.72
49.83
47.16
47.68
44.63
46.77
43.63
40.3
42.81
37.19
35.57
34.67
36.93
33.72
37.76
34.72
37.72
35.37
39.4
40.77
43.04
47.13
48.12
49.02
37.84
37.31
37.23
39.34
37.88
40.36
42.08
43.71
41.33
41.86
41.28
42.02
45.84
39.54
37.53
37.26
37.67
38.8
33.11
38.07
40.71
41.72
42.02
42.08
42.25
44.06
44.64
45.46
47.92
44.78
45.74
51.43
64.4
69.02
70.32
73.6
41.01
41.64
39.7
43.48
47.58
39.81
37.47
39.99
41.62
44.27
50.92
62.79
69.73
73.63
74.61
74.17
38.16
39.26
36.11
34.56
36.27
34.63
36.09
38
39.56
44.43
47.29
49.05
54.46
58.43
39
34.91
34.87
35.71
32.24
31.89
34.46
34.14
34.68
33.48
35.2
35.34
39.12
38.24
41.92
41.41
42.56
38.03
31.76
38
39.08
40.95
40.46
47.06
38.36
39.52
42.34
44.6
48.71
55.11
63.52
65.02
42.36
44.51
36.08
34.85
35.79
36.83
37.09
38.46
38.55
35.87
38.58
37.46
33.31
34.74
34.09
36.94
37.95
41.06
43.78
43.14
38.3
38.61
38.04
40.94
44.06
49.92
60.59
65.19
64.37
39.4
42.77
39.91
39.46
42.36
46
50.91
56.36
52.79
37.39
39.26
40.18
40.55
39.18
38.15
35.59
35.87
37.67
39.82
37.73
40.61
42.02
41.22
45.57
46.55
46.46
43.09
40.2
41.47
44.14
45.38
45.63
52.89
57.7
63.94
45
50.62
43.67
42.89
43.72
42.24
47.76
39.92
38.65
39.18
39.82
39.56
40.25
40.29
40.17
39.15
38.5
36.46
39.66
40.83
42.62
53.14
40.54
46.71
41.21
41.17
41.49
39.69
40.97
43.37
47.33
50.54
46.63
48.43
39.55
34.31
41.58
42.52
40.97
39.24
41.49
38.57
43.18
44.21
42.03
40.28
38.69
39.59
39.93
41.01
40.5
33.38
38.25
37.92
40.23
39.26
43.12
37.94
38.6
35.18
35.27
35.3
36.63
34.48
35.32
38.43
37.24
36.18
32.19
32.08
31.76
32.78
30.96
32.16
32.14
33.36
33.36
35.4
36.88
36.65
37.74
37.32
39.76
40.25
39.9
40.17
40.35
40.18
36.89
38.31
38.45
38.73
37.82
38.13
38.4
40.63
39.95
40.62
44.2
47.84
46.18
57.01
41.89
41.69
44.46
44.23
48.62
58
64.03
64.11
64.74
79.66
60.56
58.69
40.5
44.11
39.11
40.12
39.44
35.36
36.84
40.88
39.03
38.29
37.91
41.73
44.71
39.74
35.07
35.06
35.57
37.15
38.91
40.9
39.51
40.77
42.4
45.94
39.42
35.02
35.89
33.95
32.66
32.08
32.56
33.43
33.61
32.44
34.51
32.74
34.78
34.69
36.12
36.67
34.16
33.19
33.07
34.53
32.74
31.02
32.46
32.3
31.56
29.74
29.6
36.77
37.7
36.63
42
43.52
44.53
47.41
49.71
45.54
43.62
46.8
40.02
38.97
39.42
38.65
41.3
38.17
37.74
33.71
39.38
39.55
40.94
41.84
41.55
39.47
34.96
43.17
41.76
40.95
41.48
43.24
49.66
51.79
54.23
56.2
57.11
61.4
65.68
70.27
76.27
87.61
86.23
84.73
48.38
43.58
43.26
44.72
43.83
43.45
44.02
43.38
44.69
52.25
56.67
59.4
67.05
77.7
42.64
41.73
39.41
38.02
41.43
43.36
42.05
37.52
33.67
38.62
38.22
43.13
46.96
48.35
49.84
53.8
36.25
38.86
34.98
34.67
35.13
34.14
37.05
36.28
36.99
36.34
36.24
35.21
34.18
30.33
35.98
36.04
38.7
38.5
40.29
39.76
35.92
36.11
35.96
36.52
36.11
39.04
41.46
36.5
36.9
32.57
38.47
39.54
40.89
39.12
37.72
36.32
36.77
36.91
36.98
37.53
35.4
31.16
38.21
41.5
42.35
44.07
44.51
46.89
44.95
43.13
45.46
41
42.93
44.78
48.24
47.63
43.21
46.82
39.23
52.34
47.26
60.11
71.82
80.18
93.26
103.16
95.3
85.65
73.08
66.03
76.97
81.65
77.46
83.64
85.71
91.85
91.76
95.01
103.94
108.38
108.2
111.48
95.51
89.84
97.37
86.69
72.38
71.32
72.47
76.63
79.97
75.76
72.92
63.35
58.07
54.52
51.73
52.19
53.23
52.27
47.27
49.96
41.57
40.55
41.52
41.1
40.73
38.45
37.78
40.42
36.61
35.5
36.06
36.6
35.86
32.16
35.47
38.49
33.67
35.35
36.69
36.12
34.07
34.16
34.33
35.73
35.11
33.85
36.76
36.09
32.08
42.32
46.25
45.03
44.77
43.8
49.35
45.43
48.18
45.44
49.6
49.58
57.23
67.77
61.17
45.38
47.38
45.51
45.49
43.35
41.66
49.27
55.84
48.23
48.8
44.45
41.65
40.8
39.34
41.32
40.16
42.69
56.53
60.64
69.29
70.93
76.61
82.08
86.12
83.65
83.01
81.62
86.11
79.18
79.56
85.07
92.19
89.5
95.18
95.62
92.56
91.88
92.18
88.92
91.4
8.71
11.57
11.33
25.36
20.4
26.92
29.3
30.09
30.8
28.15
31.67
35.01
32.64
34.73
40.02
28.63
47.1
40.65
50.99
29.54
41.84
38.82
57.68
40
35.96
28.32
44.58
55.39
46.75
40.11
47.96
47.03
41.54
47.5
35.54
40.82
37.79
41.63
59.46
53.98
45.31
42.48
49.92
56.25
49.5
52.58
48.17
50.88
27.28
54.65
55.49
41.16
40.6
41.17
40.03
40.38
54.84
59.52
46.09
44.69
38.56
56.02
48.69
38.26
50.52
58.14
61.62
44.13
37.57
52.54
33.69
59.87
47.72
50.22
60.72
48.3
53.29
70.76
38.72
42.58
43.52
46.16
49.08
43.23
47.73
45.75
30.54
38.18
42.23
33.71
46.85
45.42
53.81
52.88
