2.8
133.67999267578125
124.19000244140625
122.94999694824219
121.91000366210938
116.93000030517578
118.4800033569336
121.22000122070312
109.55000305175781
123.83000183105469
125.1500015258789
123.95999908447266
123.69999694824219
117.70999908447266
119.05999755859375
131.00999450683594
133.50999450683594
128.97000122070312
125.31999969482422
118.7300033569336
121.01000213623047
112.91999816894531
121.83000183105469
132.8000030517578
141.6699981689453
126.12999725341797
124.0999984741211
124.76000213623047
127.22000122070312
121.33999633789062
132.77999877929688
120.56999969482422
128.3300018310547
118.8499984741211
119.77999877929688
128.64999389648438
138.1699981689453
141.0399932861328
140.80999755859375
145.22999572753906
144.75
150.36000061035156
114.58999633789062
110.0
107.75
103.37000274658203
103.9800033569336
106.54000091552734
102.56999969482422
96.7300033569336
93.68000030517578
85.7699966430664
74.16999816894531
71.4000015258789
78.19999694824219
81.7699966430664
79.19999694824219
73.58000183105469
74.41999816894531
75.79000091552734
80.12999725341797
95.02999877929688
106.75
117.1500015258789
124.44000244140625
131.1699981689453
132.11000061035156
131.61000061035156
78.12999725341797
83.36000061035156
75.37999725341797
71.94000244140625
80.16999816894531
67.37000274658203
61.02000045776367
65.56999969482422
63.95000076293945
65.62000274658203
65.70999908447266
68.55000305175781
81.47000122070312
62.91999816894531
64.2699966430664
57.119998931884766
58.2400016784668
57.86000061035156
57.9900016784668
55.63999938964844
59.029998779296875
61.880001068115234
69.37000274658203
63.869998931884766
66.69999694824219
75.54000091552734
82.02999877929688
83.7300033569336
85.58000183105469
80.69000244140625
61.130001068115234
58.5099983215332
62.0
62.88999938964844
66.79000091552734
61.380001068115234
58.90999984741211
62.470001220703125
57.40999984741211
57.779998779296875
57.52000045776367
56.189998626708984
56.47999954223633
54.599998474121094
55.7599983215332
51.72999954223633
57.68000030517578
64.68000030517578
71.88999938964844
76.37000274658203
81.33000183105469
88.05000305175781
88.62999725341797
59.650001525878906
57.06999969482422
58.81999969482422
66.36000061035156
70.70999908447266
75.8499984741211
68.87000274658203
62.630001068115234
69.9800033569336
54.68000030517578
51.47999954223633
53.95000076293945
65.58999633789062
52.849998474121094
50.70000076293945
51.779998779296875
50.36000061035156
52.15999984741211
47.34000015258789
53.290000915527344
44.65999984741211
45.189998626708984
46.11000061035156
45.20000076293945
45.2400016784668
44.72999954223633
43.779998779296875
46.33000183105469
46.619998931884766
47.369998931884766
49.560001373291016
44.0099983215332
46.54999923706055
42.20000076293945
41.4900016784668
43.2599983215332
41.2400016784668
50.0
41.36000061035156
42.27000045776367
41.11000061035156
41.75
44.15999984741211
51.7400016784668
39.0
40.220001220703125
40.77000045776367
42.11000061035156
42.56999969482422
44.279998779296875
45.900001525878906
40.900001525878906
41.22999954223633
42.310001373291016
42.15999984741211
42.41999816894531
41.189998626708984
41.380001068115234
40.66999816894531
43.689998626708984
46.040000915527344
44.459999084472656
42.709999084472656
42.61000061035156
44.5
45.959999084472656
44.47999954223633
45.52000045776367
48.529998779296875
48.09000015258789
53.540000915527344
59.47999954223633
63.04999923706055
63.939998626708984
68.36000061035156
69.93000030517578
54.08000183105469
58.20000076293945
52.04999923706055
50.5099983215332
52.29999923706055
63.2599983215332
51.939998626708984
57.529998779296875
52.119998931884766
48.790000915527344
48.70000076293945
46.130001068115234
49.86000061035156
47.15999984741211
48.81999969482422
45.90999984741211
45.880001068115234
41.09000015258789
39.47999954223633
37.40999984741211
37.709999084472656
35.689998626708984
51.959999084472656
58.400001525878906
58.31999969482422
63.0099983215332
66.75
76.44000244140625
86.12999725341797
90.51000213623047
94.4800033569336
59.779998779296875
63.0099983215332
59.650001525878906
59.68000030517578
62.16999816894531
66.04000091552734
71.37000274658203
68.97000122070312
83.6500015258789
54.75
46.369998931884766
54.349998474121094
51.79999923706055
49.38999938964844
48.380001068115234
49.52000045776367
51.150001525878906
47.7599983215332
50.29999923706055
52.869998931884766
56.290000915527344
57.9900016784668
54.970001220703125
60.54999923706055
51.4900016784668
50.849998474121094
51.2400016784668
49.52000045776367
51.54999923706055
49.209999084472656
49.650001525878906
48.84000015258789
48.099998474121094
48.59000015258789
45.529998779296875
42.70000076293945
44.720001220703125
44.939998626708984
42.40999984741211
44.4900016784668
44.029998779296875
45.540000915527344
46.2599983215332
52.029998779296875
51.2599983215332
42.2400016784668
43.02000045776367
40.90999984741211
39.52000045776367
38.65999984741211
39.88999938964844
38.349998474121094
35.31999969482422
37.709999084472656
40.47999954223633
35.529998779296875
41.04999923706055
37.189998626708984
38.779998779296875
41.939998626708984
45.540000915527344
47.150001525878906
53.029998779296875
59.709999084472656
66.16999816894531
41.27000045776367
40.75
43.56999969482422
43.27000045776367
45.220001220703125
44.29999923706055
44.5099983215332
44.59000015258789
40.45000076293945
36.029998779296875
35.20000076293945
38.810001373291016
39.689998626708984
37.279998779296875
46.52000045776367
38.209999084472656
32.84000015258789
35.849998474121094
37.310001373291016
37.77000045776367
40.040000915527344
40.47999954223633
40.7400016784668
44.939998626708984
49.040000915527344
52.84000015258789
50.36000061035156
41.18000030517578
45.630001068115234
36.41999816894531
37.130001068115234
38.220001220703125
39.209999084472656
40.33000183105469
39.060001373291016
39.08000183105469
41.09000015258789
42.880001068115234
42.130001068115234
44.16999816894531
39.459999084472656
39.36000061035156
40.119998931884766
39.83000183105469
37.38999938964844
36.08000183105469
37.470001220703125
36.970001220703125
35.09000015258789
38.93000030517578
38.689998626708984
40.29999923706055
41.40999984741211
42.09000015258789
39.5
39.529998779296875
43.54999923706055
41.310001373291016
40.45000076293945
44.54999923706055
47.09000015258789
53.31999969482422
63.5
71.91999816894531
84.94000244140625
76.20999908447266
41.790000915527344
45.15999984741211
40.209999084472656
43.040000915527344
41.45000076293945
42.029998779296875
41.31999969482422
45.29999923706055
43.790000915527344
43.5099983215332
43.779998779296875
43.61000061035156
50.58000183105469
44.41999816894531
44.52000045776367
46.66999816894531
51.119998931884766
53.599998474121094
59.880001068115234
65.58000183105469
68.29000091552734
74.79000091552734
49.47999954223633
46.70000076293945
51.83000183105469
53.0
57.650001525878906
62.97999954223633
78.20999908447266
91.33000183105469
89.58000183105469
49.939998626708984
54.08000183105469
49.630001068115234
47.38999938964844
49.88999938964844
54.2400016784668
54.400001525878906
57.72999954223633
52.36000061035156
48.72999954223633
54.65999984741211
48.849998474121094
51.84000015258789
54.939998626708984
62.13999938964844
66.51000213623047
77.79000091552734
83.33000183105469
49.54999923706055
46.959999084472656
47.41999816894531
46.77000045776367
44.34000015258789
44.709999084472656
51.220001220703125
56.47999954223633
57.34000015258789
56.52000045776367
63.279998779296875
73.55000305175781
77.18000030517578
81.68000030517578
78.19000244140625
50.029998779296875
50.08000183105469
54.310001373291016
59.720001220703125
68.22000122070312
75.5999984741211
87.12999725341797
88.80000305175781
104.98999786376953
55.54999923706055
57.380001068115234
52.41999816894531
49.380001068115234
51.68000030517578
57.119998931884766
65.4000015258789
74.27999877929688
68.1500015258789
46.06999969482422
49.439998626708984
43.599998474121094
39.099998474121094
40.59000015258789
40.84000015258789
44.09000015258789
34.439998626708984
35.279998779296875
32.630001068115234
33.369998931884766
33.59000015258789
34.7400016784668
36.36000061035156
36.470001220703125
35.0
35.779998779296875
37.06999969482422
33.13999938964844
33.63999938964844
34.79999923706055
34.209999084472656
35.0099983215332
38.310001373291016
37.18000030517578
31.600000381469727
33.08000183105469
32.04999923706055
34.2400016784668
33.060001373291016
33.7400016784668
34.27000045776367
35.599998474121094
34.68000030517578
32.63999938964844
34.599998474121094
37.06999969482422
39.66999816894531
35.47999954223633
33.61000061035156
35.599998474121094
37.59000015258789
37.84000015258789
38.2599983215332
38.72999954223633
44.599998474121094
37.560001373291016
35.43000030517578
38.869998931884766
39.08000183105469
40.9900016784668
43.779998779296875
44.18000030517578
49.029998779296875
36.0099983215332
32.38999938964844
34.2599983215332
32.790000915527344
31.75
32.06999969482422
32.25
32.209999084472656
35.630001068115234
37.63999938964844
35.84000015258789
34.0099983215332
32.25
36.4900016784668
32.650001525878906
35.93000030517578
39.560001373291016
43.2400016784668
45.849998474121094
44.099998474121094
35.83000183105469
38.939998626708984
36.84000015258789
36.220001220703125
37.25
39.75
38.790000915527344
38.40999984741211
36.97999954223633
41.83000183105469
34.91999816894531
33.68000030517578
32.9900016784668
33.83000183105469
34.86000061035156
33.29999923706055
36.369998931884766
38.16999816894531
39.81999969482422
36.279998779296875
37.61000061035156
36.939998626708984
38.81999969482422
39.16999816894531
37.84000015258789
35.61000061035156
36.5
35.4900016784668
33.91999816894531
37.09000015258789
38.4900016784668
33.38999938964844
38.36000061035156
39.209999084472656
38.88999938964844
38.959999084472656
39.650001525878906
38.0099983215332
41.34000015258789
46.540000915527344
42.459999084472656
43.08000183105469
40.72999954223633
36.45000076293945
44.41999816894531
51.189998626708984
46.88999938964844
45.59000015258789
44.099998474121094
42.13999938964844
44.52000045776367
42.13999938964844
48.22999954223633
51.400001525878906
49.470001220703125
52.04999923706055
59.13999938964844
64.87999725341797
70.94999694824219
83.79000091552734
69.55000305175781
50.97999954223633
51.0
53.290000915527344
50.060001373291016
46.40999984741211
48.16999816894531
49.18000030517578
49.02000045776367
49.33000183105469
47.400001525878906
48.41999816894531
49.150001525878906
49.5
45.5099983215332
49.81999969482422
48.849998474121094
54.16999816894531
58.5099983215332
67.04000091552734
75.19000244140625
89.54000091552734
99.30000305175781
99.0
51.369998931884766
52.45000076293945
47.04999923706055
54.04999923706055
56.31999969482422
60.54999923706055
67.55999755859375
72.37000274658203
78.44000244140625
56.79999923706055
53.560001373291016
55.52000045776367
57.13999938964844
55.72999954223633
53.619998931884766
56.630001068115234
52.310001373291016
55.27000045776367
54.619998931884766
58.869998931884766
70.7300033569336
71.5999984741211
74.44000244140625
90.5999984741211
98.87999725341797
100.79000091552734
49.959999084472656
46.08000183105469
46.970001220703125
44.79999923706055
44.599998474121094
39.7599983215332
41.25
38.04999923706055
44.58000183105469
49.529998779296875
38.689998626708984
39.849998474121094
42.06999969482422
44.599998474121094
48.560001373291016
50.95000076293945
50.97999954223633
41.040000915527344
44.08000183105469
40.45000076293945
39.470001220703125
40.939998626708984
43.0099983215332
44.540000915527344
47.25
38.869998931884766
39.25
38.43000030517578
38.77000045776367
38.130001068115234
37.59000015258789
38.560001373291016
39.34000015258789
33.7599983215332
29.260000228881836
32.779998779296875
36.040000915527344
37.25
38.65999984741211
37.25
37.2599983215332
38.93000030517578
37.0
40.70000076293945
36.06999969482422
35.709999084472656
35.689998626708984
34.65999984741211
36.77000045776367
36.66999816894531
37.79999923706055
36.65999984741211
38.11000061035156
37.79999923706055
35.939998626708984
38.40999984741211
40.900001525878906
37.08000183105469
38.52000045776367
38.33000183105469
41.880001068115234
50.310001373291016
48.5
37.279998779296875
36.290000915527344
34.70000076293945
35.060001373291016
35.95000076293945
39.349998474121094
39.810001373291016
42.150001525878906
47.08000183105469
47.290000915527344
45.369998931884766
33.15999984741211
30.360000610351562
34.400001525878906
35.13999938964844
36.400001525878906
37.47999954223633
37.880001068115234
32.040000915527344
29.110000610351562
31.360000610351562
33.31999969482422
31.8799991607666
36.02000045776367
36.709999084472656
39.31999969482422
38.689998626708984
40.16999816894531
44.83000183105469
37.65999984741211
38.130001068115234
36.849998474121094
36.29999923706055
34.720001220703125
35.400001525878906
34.31999969482422
32.7400016784668
33.9900016784668
39.41999816894531
44.63999938964844
40.95000076293945
40.58000183105469
41.130001068115234
42.650001525878906
46.970001220703125
48.439998626708984
41.95000076293945
45.29999923706055
41.060001373291016
45.0
43.630001068115234
46.029998779296875
48.70000076293945
49.22999954223633
52.540000915527344
46.619998931884766
50.40999984741211
44.310001373291016
42.66999816894531
43.9900016784668
47.16999816894531
52.9900016784668
57.20000076293945
55.90999984741211
40.72999954223633
37.11000061035156
44.77000045776367
44.86000061035156
48.13999938964844
52.599998474121094
48.68000030517578
40.939998626708984
44.90999984741211
45.63999938964844
48.15999984741211
52.58000183105469
56.29999923706055
60.15999984741211
51.41999816894531
43.47999954223633
40.11000061035156
44.7599983215332
43.7400016784668
45.02000045776367
44.900001525878906
45.709999084472656
44.540000915527344
43.689998626708984
48.470001220703125
48.130001068115234
44.93000030517578
45.5099983215332
48.59000015258789
48.4900016784668
45.2400016784668
43.779998779296875
45.08000183105469
45.20000076293945
47.5
48.61000061035156
54.279998779296875
42.310001373291016
42.11000061035156
40.959999084472656
43.11000061035156
46.08000183105469
42.619998931884766
37.54999923706055
42.2400016784668
43.470001220703125
45.380001068115234
50.68000030517578
53.029998779296875
49.810001373291016
53.40999984741211
39.88999938964844
39.54999923706055
42.9900016784668
48.41999816894531
53.41999816894531
60.90999984741211
73.93000030517578
83.2300033569336
90.3499984741211
44.459999084472656
41.119998931884766
44.27000045776367
42.13999938964844
43.349998474121094
45.81999969482422
46.65999984741211
47.61000061035156
41.34000015258789
41.68000030517578
39.15999984741211
40.83000183105469
43.16999816894531
46.880001068115234
40.9900016784668
47.970001220703125
38.7599983215332
37.900001525878906
40.02000045776367
41.119998931884766
41.41999816894531
42.130001068115234
36.36000061035156
35.06999969482422
42.27000045776367
42.209999084472656
45.38999938964844
48.630001068115234
50.220001220703125
54.0099983215332
55.29999923706055
59.65999984741211
52.220001220703125
48.75
41.40999984741211
45.13999938964844
40.119998931884766
40.88999938964844
42.939998626708984
39.959999084472656
44.95000076293945
48.29999923706055
47.65999984741211
50.86000061035156
47.81999969482422
50.95000076293945
55.63999938964844
62.869998931884766
55.59000015258789
48.619998931884766
53.09000015258789
47.779998779296875
47.36000061035156
46.15999984741211
46.970001220703125
45.04999923706055
48.959999084472656
47.08000183105469
51.06999969482422
47.4900016784668
44.4900016784668
46.02000045776367
54.38999938964844
43.939998626708984
44.529998779296875
45.65999984741211
45.68000030517578
48.63999938964844
50.119998931884766
51.86000061035156
52.93000030517578
44.47999954223633
48.13999938964844
45.459999084472656
47.61000061035156
52.880001068115234
55.790000915527344
55.43000030517578
56.63999938964844
56.18000030517578
61.540000915527344
61.97999954223633
50.68000030517578
52.869998931884766
48.369998931884766
48.209999084472656
45.779998779296875
45.77000045776367
43.790000915527344
49.5
59.970001220703125
52.81999969482422
54.2400016784668
58.7400016784668
66.06999969482422
72.41000366210938
66.3499984741211
78.30000305175781
47.72999954223633
45.150001525878906
45.959999084472656
49.45000076293945
53.97999954223633
59.66999816894531
63.81999969482422
71.75
62.72999954223633
51.970001220703125
56.099998474121094
49.849998474121094
49.97999954223633
49.029998779296875
50.5099983215332
48.900001525878906
54.2400016784668
50.400001525878906
55.5
44.61000061035156
44.220001220703125
45.7599983215332
49.13999938964844
48.150001525878906
54.2599983215332
43.56999969482422
43.97999954223633
43.0
47.33000183105469
56.36000061035156
63.68000030517578
70.33999633789062
77.41000366210938
73.66999816894531
47.290000915527344
45.7599983215332
47.77000045776367
47.09000015258789
45.0099983215332
47.09000015258789
49.41999816894531
61.380001068115234
49.5099983215332
47.709999084472656
49.41999816894531
46.130001068115234
49.599998474121094
52.04999923706055
53.9900016784668
56.86000061035156
55.970001220703125
45.5
46.959999084472656
46.25
48.310001373291016
49.79999923706055
53.54999923706055
55.4900016784668
53.189998626708984
48.02000045776367
52.31999969482422
49.060001373291016
51.790000915527344
58.369998931884766
67.16999816894531
69.8499984741211
69.72000122070312
50.040000915527344
50.68000030517578
45.029998779296875
42.970001220703125
42.11000061035156
43.79999923706055
46.939998626708984
45.040000915527344
41.279998779296875
45.790000915527344
36.22999954223633
38.18000030517578
37.27000045776367
38.720001220703125
36.810001373291016
42.4900016784668
44.70000076293945
48.77000045776367
46.880001068115234
51.34000015258789
56.25
58.880001068115234
61.810001373291016
44.93000030517578
42.68000030517578
42.959999084472656
45.880001068115234
48.209999084472656
52.68000030517578
60.650001525878906
66.68000030517578
71.30999755859375
45.83000183105469
46.040000915527344
43.099998474121094
42.2400016784668
42.9900016784668
43.5
42.65999984741211
47.29999923706055
42.91999816894531
40.5099983215332
41.849998474121094
44.279998779296875
48.099998474121094
54.5
60.630001068115234
69.37000274658203
79.31999969482422
45.310001373291016
45.31999969482422
42.970001220703125
43.099998474121094
42.970001220703125
42.77000045776367
42.09000015258789
41.560001373291016
40.7599983215332
41.65999984741211
45.2599983215332
45.2599983215332
42.220001220703125
40.33000183105469
44.7599983215332
43.2599983215332
44.81999969482422
44.939998626708984
49.68000030517578
52.08000183105469
47.86000061035156
55.779998779296875
40.650001525878906
39.81999969482422
36.81999969482422
37.900001525878906
37.93000030517578
38.779998779296875
40.33000183105469
38.86000061035156
39.18000030517578
35.81999969482422
45.88999938964844
48.59000015258789
52.56999969482422
47.880001068115234
47.7400016784668
52.25
53.310001373291016
55.13999938964844
51.02000045776367
52.72999954223633
56.150001525878906
56.5
56.97999954223633
59.869998931884766
59.029998779296875
67.83000183105469
53.63999938964844
63.15999984741211
49.290000915527344
50.810001373291016
51.7400016784668
53.459999084472656
52.599998474121094
47.310001373291016
46.40999984741211
43.47999954223633
43.86000061035156
46.060001373291016
43.29999923706055
42.630001068115234
41.900001525878906
34.189998626708984
46.13999938964844
47.75
53.54999923706055
61.689998626708984
61.09000015258789
56.099998474121094
58.150001525878906
60.619998931884766
47.90999984741211
47.630001068115234
50.36000061035156
54.060001373291016
56.5
61.599998474121094
69.44000244140625
74.2699966430664
53.27000045776367
54.83000183105469
47.540000915527344
42.189998626708984
39.34000015258789
40.810001373291016
41.58000183105469
42.08000183105469
41.720001220703125
42.54999923706055
42.43000030517578
40.83000183105469
40.9900016784668
40.220001220703125
41.47999954223633
37.04999923706055
35.95000076293945
35.720001220703125
39.119998931884766
49.790000915527344
48.83000183105469
54.029998779296875
49.7400016784668
48.599998474121094
51.209999084472656
54.27000045776367
52.130001068115234
52.060001373291016
52.4900016784668
53.119998931884766
53.58000183105469
56.52000045776367
57.70000076293945
59.220001220703125
62.79999923706055
68.54000091552734
67.61000061035156
64.3499984741211
56.08000183105469
57.459999084472656
52.16999816894531
50.369998931884766
49.5
48.61000061035156
47.52000045776367
53.810001373291016
54.5099983215332
53.93000030517578
51.45000076293945
51.060001373291016
50.540000915527344
52.970001220703125
53.29999923706055
49.220001220703125
49.9900016784668
48.630001068115234
49.720001220703125
56.2599983215332
55.220001220703125
52.61000061035156
52.189998626708984
50.75
51.66999816894531
54.470001220703125
60.380001068115234
55.58000183105469
55.70000076293945
54.93000030517578
59.47999954223633
64.36000061035156
67.44000244140625
68.62999725341797
58.95000076293945
56.529998779296875
62.27000045776367
65.06999969482422
66.37999725341797
68.12999725341797
68.77999877929688
70.68000030517578
68.12999725341797
61.38999938964844
69.43000030517578
69.7699966430664
76.0199966430664
79.18000030517578
73.33000183105469
66.2699966430664
71.08999633789062
62.290000915527344
60.90999984741211
63.900001525878906
70.05000305175781
73.27999877929688
83.08999633789062
74.87999725341797
61.70000076293945
60.349998474121094
63.209999084472656
66.54000091552734
69.83000183105469
70.55000305175781
74.23999786376953
68.30999755859375
68.5199966430664
72.01000213623047
78.23999786376953
83.63999938964844
78.05999755859375
81.2699966430664
67.66000366210938
76.23999786376953
65.13999938964844
69.41000366210938
78.05000305175781
89.98999786376953
100.02999877929688
102.91999816894531
106.41999816894531
65.13999938964844
56.540000915527344
66.26000213623047
63.77000045776367
61.59000015258789
60.56999969482422
57.06999969482422
62.970001220703125
59.380001068115234
52.900001525878906
49.56999969482422
51.189998626708984
48.790000915527344
51.709999084472656
53.900001525878906
54.529998779296875
55.04999923706055
58.150001525878906
69.62999725341797
58.290000915527344
56.349998474121094
64.80000305175781
76.13999938964844
81.87999725341797
88.87000274658203
82.41999816894531
50.599998474121094
50.709999084472656
51.63999938964844
53.91999816894531
52.72999954223633
53.58000183105469
57.95000076293945
52.81999969482422
58.099998474121094
60.93000030517578
54.720001220703125
56.189998626708984
58.130001068115234
57.380001068115234
55.72999954223633
59.810001373291016
52.869998931884766
51.7599983215332
50.5099983215332
53.06999969482422
54.66999816894531
59.58000183105469
63.93000030517578
67.25
66.04000091552734
60.66999816894531
71.41999816894531
51.38999938964844
53.31999969482422
48.709999084472656
52.849998474121094
63.970001220703125
76.11000061035156
82.94000244140625
90.97000122070312
88.33000183105469
52.83000183105469
53.15999984741211
55.619998931884766
53.939998626708984
56.08000183105469
59.0
66.3499984741211
69.80999755859375
65.77999877929688
62.150001525878906
52.529998779296875
49.43000030517578
49.2599983215332
51.380001068115234
48.16999816894531
51.25
50.7400016784668
47.52000045776367
49.529998779296875
58.619998931884766
67.30000305175781
76.97000122070312
87.86000061035156
80.19000244140625
43.54999923706055
40.869998931884766
38.68000030517578
39.38999938964844
42.2400016784668
48.15999984741211
44.20000076293945
40.099998474121094
41.88999938964844
39.25
39.16999816894531
42.2599983215332
44.52000045776367
48.91999816894531
48.52000045776367
50.150001525878906
52.47999954223633
49.18000030517578
36.849998474121094
38.61000061035156
35.70000076293945
36.06999969482422
35.810001373291016
35.83000183105469
37.4900016784668
38.459999084472656
38.599998474121094
38.529998779296875
38.900001525878906
38.65999984741211
39.45000076293945
49.75
38.189998626708984
41.7599983215332
46.41999816894531
49.029998779296875
52.099998474121094
48.290000915527344
42.119998931884766
46.43000030517578
41.459999084472656
40.529998779296875
39.90999984741211
43.97999954223633
37.54999923706055
38.38999938964844
34.77000045776367
34.459999084472656
36.439998626708984
35.52000045776367
35.189998626708984
34.959999084472656
33.83000183105469
35.25
35.060001373291016
36.84000015258789
32.75
37.63999938964844
33.709999084472656
36.189998626708984
37.720001220703125
40.9900016784668
43.18000030517578
39.630001068115234
37.7400016784668
37.650001525878906
39.900001525878906
42.630001068115234
43.41999816894531
45.2400016784668
41.66999816894531
38.9900016784668
38.58000183105469
36.779998779296875
38.11000061035156
38.81999969482422
40.869998931884766
43.650001525878906
40.709999084472656
38.470001220703125
37.779998779296875
44.66999816894531
35.66999816894531
32.43000030517578
34.310001373291016
34.36000061035156
36.88999938964844
37.790000915527344
39.900001525878906
39.709999084472656
34.40999984741211
32.84000015258789
36.900001525878906
34.189998626708984
32.720001220703125
33.25
33.20000076293945
32.88999938964844
34.97999954223633
32.380001068115234
33.709999084472656
34.470001220703125
38.22999954223633
38.16999816894531
44.369998931884766
36.5
40.130001068115234
35.86000061035156
37.65999984741211
39.83000183105469
40.43000030517578
47.279998779296875
39.61000061035156
38.7599983215332
40.06999969482422
37.34000015258789
37.20000076293945
41.58000183105469
41.619998931884766
39.709999084472656
38.58000183105469
42.279998779296875
38.189998626708984
37.75
39.06999969482422
38.08000183105469
38.29999923706055
37.369998931884766
40.849998474121094
35.209999084472656
35.72999954223633
37.209999084472656
38.709999084472656
37.540000915527344
39.54999923706055
37.630001068115234
39.81999969482422
45.720001220703125
50.58000183105469
56.689998626708984
53.470001220703125
38.36000061035156
39.029998779296875
35.880001068115234
35.25
33.380001068115234
30.030000686645508
34.310001373291016
32.689998626708984
31.049999237060547
32.11000061035156
35.400001525878906
35.15999984741211
35.06999969482422
34.13999938964844
34.0
37.83000183105469
41.36000061035156
37.41999816894531
39.27000045776367
37.900001525878906
38.459999084472656
36.380001068115234
35.689998626708984
36.77000045776367
38.95000076293945
39.959999084472656
37.47999954223633
38.84000015258789
39.0
36.86000061035156
38.43000030517578
40.47999954223633
40.5099983215332
41.630001068115234
38.58000183105469
36.279998779296875
40.27000045776367
42.41999816894531
40.880001068115234
42.15999984741211
42.349998474121094
41.18000030517578
43.459999084472656
40.95000076293945
42.5
43.54999923706055
47.130001068115234
46.36000061035156
51.90999984741211
49.58000183105469
46.70000076293945
50.029998779296875
53.150001525878906
48.959999084472656
50.65999984741211
50.72999954223633
50.7599983215332
53.599998474121094
54.959999084472656
55.91999816894531
62.709999084472656
67.94999694824219
72.4800033569336
80.88999938964844
86.5
93.2300033569336
94.19000244140625
65.05999755859375
69.22000122070312
56.720001220703125
58.31999969482422
59.27000045776367
62.91999816894531
62.97999954223633
68.3499984741211
64.5
63.310001373291016
65.23999786376953
59.91999816894531
71.87999725341797
65.05000305175781
72.68000030517578
77.30000305175781
79.93000030517578
78.95999908447266
85.87999725341797
76.25
80.43000030517578
77.75
81.0
81.9000015258789
87.44000244140625
93.5199966430664
93.55999755859375
93.91999816894531
82.72000122070312
83.75
85.5199966430664
88.54000091552734
96.20999908447266
102.06999969482422
106.79000091552734
110.41999816894531
105.80000305175781
106.80000305175781
100.08999633789062
88.02999877929688
90.0199966430664
92.55999755859375
93.51000213623047
96.7300033569336
99.61000061035156
87.9800033569336
82.37999725341797
85.63999938964844
80.55000305175781
82.83000183105469
86.01000213623047
86.0
82.95999908447266
85.66000366210938
89.44000244140625
94.30000305175781
101.08000183105469
107.37000274658203
122.30000305175781
108.5199966430664
94.29000091552734
82.94000244140625
98.04000091552734
94.55000305175781
94.02999877929688
99.91999816894531
111.29000091552734
102.38999938964844
89.63999938964844
86.81999969482422
81.94000244140625
79.91000366210938
79.72000122070312
75.33999633789062
64.79000091552734
69.68000030517578
67.25
71.70999908447266
76.18000030517578
79.3499984741211
74.66000366210938
80.31999969482422
80.33000183105469
80.44999694824219
85.52999877929688
87.33000183105469
85.04000091552734
70.22000122070312
66.30000305175781
70.83000183105469
72.13999938964844
74.8499984741211
80.87000274658203
66.36000061035156
67.2300033569336
60.25
60.65999984741211
64.55000305175781
68.25
72.5999984741211
72.33000183105469
75.27999877929688
80.33999633789062
75.05999755859375
71.48999786376953
59.29999923706055
59.65999984741211
60.63999938964844
56.75
58.65999984741211
62.34000015258789
67.26000213623047
72.29000091552734
73.25
79.0999984741211
69.94000244140625
65.20999908447266
52.290000915527344
52.16999816894531
56.06999969482422
59.15999984741211
73.19999694824219
88.19000244140625
96.83000183105469
102.41000366210938
104.44999694824219
102.27999877929688
104.05999755859375
55.209999084472656
55.33000183105469
49.54999923706055
47.15999984741211
47.84000015258789
48.150001525878906
48.5
48.41999816894531
47.0
52.47999954223633
48.5
47.45000076293945
45.16999816894531
46.900001525878906
45.2599983215332
46.13999938964844
44.0099983215332
48.75
57.88999938964844
71.87999725341797
85.98999786376953
90.72000122070312
93.37000274658203
99.87999725341797
101.23999786376953
105.30999755859375
52.970001220703125
48.2599983215332
46.189998626708984
46.189998626708984
48.880001068115234
50.41999816894531
52.290000915527344
57.54999923706055
60.189998626708984
59.88999938964844
54.70000076293945
49.08000183105469
52.189998626708984
52.02000045776367
51.52000045776367
48.369998931884766
44.75
45.13999938964844
44.43000030517578
52.20000076293945
46.9900016784668
52.470001220703125
56.29999923706055
53.72999954223633
53.59000015258789
59.84000015258789
54.68000030517578
66.12000274658203
62.45000076293945
71.20999908447266
80.66999816894531
86.04000091552734
87.16000366210938
86.58999633789062
91.58999633789062
78.36000061035156
58.58000183105469
62.189998626708984
60.189998626708984
59.0099983215332
58.0099983215332
56.95000076293945
60.27000045776367
59.560001373291016
60.63999938964844
62.58000183105469
63.880001068115234
62.61000061035156
58.470001220703125
61.560001373291016
69.80000305175781
65.66000366210938
56.290000915527344
75.48999786376953
75.56999969482422
85.27999877929688
90.9000015258789
99.73999786376953
99.08999633789062
94.0999984741211
70.7699966430664
78.18000030517578
67.88999938964844
64.77999877929688
63.61000061035156
59.4900016784668
65.44999694824219
60.220001220703125
69.02999877929688
69.9000015258789
73.55999755859375
77.76000213623047
85.36000061035156
80.41999816894531
68.5199966430664
66.31999969482422
65.87000274658203
65.63999938964844
68.58000183105469
68.62000274658203
70.16000366210938
63.150001525878906
61.54999923706055
66.66000366210938
68.43000030517578
74.12000274658203
79.36000061035156
73.7699966430664
85.41000366210938
63.810001373291016
55.529998779296875
62.97999954223633
65.23999786376953
69.62999725341797
75.37999725341797
62.08000183105469
61.88999938964844
55.869998931884766
51.619998931884766
49.59000015258789
50.38999938964844
54.310001373291016
48.0099983215332
50.91999816894531
54.279998779296875
50.81999969482422
52.13999938964844
56.09000015258789
59.65999984741211
64.95999908447266
70.19999694824219
68.97000122070312
73.02999877929688
66.43000030517578
51.45000076293945
51.52000045776367
47.90999984741211
47.29999923706055
46.54999923706055
47.70000076293945
44.61000061035156
48.61000061035156
46.709999084472656
44.66999816894531
47.93000030517578
47.349998474121094
46.5
49.060001373291016
49.63999938964844
54.380001068115234
58.95000076293945
60.02000045776367
61.880001068115234
61.7599983215332
45.900001525878906
44.88999938964844
49.08000183105469
48.56999969482422
50.43000030517578
56.13999938964844
62.61000061035156
72.58999633789062
67.18000030517578
45.04999923706055
42.279998779296875
43.27000045776367
45.939998626708984
51.95000076293945
58.119998931884766
65.19000244140625
68.48999786376953
69.4800033569336
46.15999984741211
43.91999816894531
47.20000076293945
45.220001220703125
45.33000183105469
50.040000915527344
50.52000045776367
46.58000183105469
48.5099983215332
58.630001068115234
50.15999984741211
53.81999969482422
61.0
69.2300033569336
74.33999633789062
77.48999786376953
79.06999969482422
55.279998779296875
57.61000061035156
55.0099983215332
50.709999084472656
51.290000915527344
50.459999084472656
48.709999084472656
54.09000015258789
55.849998474121094
50.84000015258789
50.189998626708984
47.66999816894531
50.4900016784668
60.88999938964844
69.0
58.36000061035156
62.2599983215332
64.7300033569336
64.30999755859375
66.76000213623047
68.37000274658203
64.62000274658203
61.279998779296875
68.44000244140625
74.93000030517578
76.66999816894531
84.22000122070312
92.01000213623047
90.75
93.23999786376953
77.36000061035156
82.05999755859375
79.12999725341797
76.77999877929688
80.93000030517578
83.16000366210938
73.51000213623047
76.52999877929688
75.44999694824219
79.9800033569336
79.01000213623047
80.30000305175781
90.80999755859375
95.36000061035156
105.41000366210938
109.26000213623047
113.37999725341797
114.13999938964844
112.97000122070312
116.83999633789062
114.19999694824219
120.97000122070312
124.37999725341797
135.14999389648438
140.0800018310547
145.41000366210938
146.3300018310547
138.32000732421875
127.55000305175781
122.47000122070312
124.81999969482422
134.39999389648438
143.00999450683594
134.3300018310547
142.77000427246094
149.13999938964844
147.4499969482422
145.8000030517578
143.6999969482422
144.3300018310547
136.86000061035156
117.0
136.80999755859375
145.99000549316406
138.0800018310547
161.7899932861328
177.24000549316406
159.77000427246094
153.49000549316406
145.8000030517578
143.86000061035156
145.41000366210938
140.6300048828125
149.99000549316406
156.8800048828125
154.25999450683594
156.5500030517578
157.7899932861328
156.89999389648438
156.97999572753906
157.1199951171875
146.77000427246094
158.2899932861328
159.72000122070312
154.63999938964844
155.9199981689453
149.8699951171875
145.22999572753906
144.77000427246094
148.91000366210938
138.74000549316406
154.2100067138672
152.05999755859375
165.0800018310547
170.4199981689453
169.99000549316406
172.7899932861328
173.25
168.60000610351562
170.49000549316406
166.05999755859375
166.97999572753906
154.99000549316406
150.22000122070312
143.9199981689453
137.6699981689453
131.3000030517578
155.55999755859375
156.99000549316406
83.2300033569336
64.9800033569336
47.790000915527344
84.41999816894531
70.95999908447266
80.48999786376953
61.16999816894531
79.2300033569336
96.79000091552734
80.25
69.06999969482422
62.290000915527344
78.56999969482422
54.560001373291016
69.6500015258789
87.75
72.41000366210938
59.0
62.369998931884766
53.220001220703125
65.45999908447266
64.80999755859375
46.970001220703125
55.16999816894531
41.400001525878906
69.0999984741211
73.80000305175781
56.58000183105469
51.689998626708984
71.9800033569336
48.459999084472656
88.88999938964844
40.52000045776367
40.11000061035156
45.0099983215332
54.130001068115234
36.209999084472656
40.779998779296875
40.439998626708984
53.54999923706055
60.5
73.81999969482422
51.849998474121094
50.2400016784668
71.45999908447266
71.68000030517578
48.939998626708984
69.12000274658203
73.36000061035156
77.51000213623047
67.63999938964844
44.630001068115234
51.779998779296875
67.33000183105469
52.779998779296875
67.72000122070312
66.16999816894531
60.83000183105469
84.19999694824219
43.599998474121094
78.77999877929688
62.56999969482422
67.22000122070312
41.130001068115234
71.68000030517578
30.06999969482422
61.720001220703125
45.88999938964844
64.5199966430664
54.900001525878906
54.18000030517578
70.13999938964844
64.58999633789062
58.720001220703125
49.36000061035156
76.5199966430664
67.41000366210938
68.55000305175781
55.880001068115234
46.2400016784668
61.81999969482422
67.76000213623047
44.130001068115234
42.83000183105469
58.150001525878906
87.56999969482422
102.97000122070312
58.689998626708984
48.25
58.72999954223633
69.62000274658203
67.5199966430664
61.54999923706055
67.66999816894531
84.95999908447266
62.939998626708984
88.18000030517578
51.630001068115234
66.9000015258789
58.68000030517578
129.94000244140625
136.72000122070312
135.89999389648438
138.44000244140625
144.89999389648438
132.02000427246094
128.22000122070312
120.41000366210938
115.25
122.31999969482422
134.47999572753906
137.00999450683594
131.88999938964844
125.31999969482422
114.2300033569336
108.88999938964844
130.83999633789062
128.55999755859375
137.1699981689453
138.50999450683594
147.8800048828125
154.82000732421875
158.27000427246094
169.8300018310547
177.2899932861328
175.0399932861328
179.25999450683594
138.2899932861328
142.8300018310547
135.5500030517578
141.11000061035156
134.33999633789062
128.99000549316406
127.2300033569336
124.9800033569336
120.30999755859375
114.01000213623047
122.29000091552734
128.4600067138672
153.27000427246094
158.92999267578125
161.1999969482422
155.97999572753906
156.41000366210938
160.1300048828125
167.75
173.25999450683594
175.5500030517578
154.22000122070312
158.0500030517578
150.72000122070312
147.72999572753906
145.69000244140625
145.08999633789062
148.58999633789062
151.88999938964844
160.24000549316406
153.5500030517578
143.82000732421875
144.60000610351562
142.10000610351562
146.6999969482422
132.67999267578125
132.61000061035156
121.58000183105469
119.45999908447266
120.2699966430664
114.44999694824219
112.05999755859375
115.04000091552734
112.16000366210938
122.08999633789062
133.69000244140625
139.41000366210938
132.74000549316406
148.86000061035156
104.44999694824219
93.56999969482422
109.27999877929688
120.73999786376953
130.75
129.6699981689453
124.4000015258789
130.5399932861328
125.86000061035156
134.64999389648438
121.12999725341797
116.18000030517578
111.95999908447266
108.9000015258789
108.33999633789062
107.19000244140625
109.1500015258789
111.86000061035156
116.16000366210938
108.0999984741211
100.1500015258789
113.4000015258789
114.41999816894531
110.1500015258789
105.19999694824219
106.77999877929688
106.63999938964844
108.4000015258789
97.87999725341797
96.18000030517578
93.58000183105469
89.33999633789062
83.05000305175781
78.93000030517578
85.41000366210938
89.02999877929688
83.94000244140625
81.68000030517578
84.76000213623047
81.5999984741211
89.12000274658203
80.80999755859375
79.86000061035156
86.19999694824219
91.75
96.5199966430664
87.3499984741211
91.31999969482422
88.43000030517578
90.43000030517578
84.19000244140625
97.08999633789062
105.83999633789062
96.01000213623047
94.36000061035156
95.4800033569336
99.13999938964844
97.2699966430664
90.5199966430664
101.61000061035156
89.58000183105469
97.44999694824219
107.27999877929688
117.58000183105469
130.41000366210938
136.61000061035156
134.07000732421875
125.75
131.8000030517578
120.66000366210938
100.54000091552734
101.9800033569336
103.58000183105469
100.3499984741211
102.77999877929688
106.51000213623047
109.95999908447266
111.27999877929688
110.36000061035156
97.05999755859375
94.58999633789062
101.37000274658203
104.04000091552734
102.68000030517578
108.13999938964844
103.05999755859375
109.11000061035156
120.66999816894531
130.1999969482422
135.47999572753906
142.10000610351562
149.83999633789062
151.41000366210938
154.33999633789062
147.2899932861328
126.5199966430664
131.67999267578125
131.99000549316406
129.0
124.91000366210938
121.18000030517578
117.76000213623047
120.06999969482422
134.52999877929688
134.75999450683594
138.58999633789062
137.5399932861328
136.3300018310547
135.35000610351562
136.3800048828125
139.94000244140625
138.4600067138672
147.8300018310547
146.52999877929688
149.85000610351562
148.13999938964844
146.16000366210938
148.08999633789062
147.8800048828125
143.17999267578125
139.22999572753906
137.36000061035156
126.43000030517578
124.06999969482422
116.5199966430664
109.87000274658203
129.11000061035156
131.83999633789062
127.80000305175781
124.55000305175781
123.9000015258789
132.72999572753906
123.5199966430664
122.80000305175781
124.81999969482422
122.05999755859375
120.43000030517578
115.76000213623047
114.55000305175781
119.61000061035156
115.5999984741211
114.12000274658203
109.87000274658203
113.56999969482422
120.20999908447266
127.0199966430664
128.19000244140625
128.77000427246094
130.44000244140625
129.02999877929688
125.87999725341797
103.97000122070312
107.37999725341797
101.16000366210938
96.20999908447266
97.0
102.31999969482422
97.95999908447266
90.56999969482422
85.5199966430664
89.66999816894531
86.37000274658203
84.3499984741211
79.06999969482422
78.51000213623047
74.56999969482422
73.94000244140625
73.61000061035156
79.26000213623047
78.33999633789062
84.94000244140625
73.66000366210938
79.83999633789062
76.97000122070312
76.6500015258789
79.55999755859375
84.54000091552734
82.9800033569336
77.48999786376953
79.91999816894531
80.87000274658203
78.0999984741211
78.88999938964844
80.44999694824219
78.69000244140625
79.69000244140625
76.4800033569336
80.7300033569336
72.80000305175781
73.08999633789062
76.93000030517578
76.76000213623047
81.69999694824219
73.69999694824219
73.87000274658203
80.16999816894531
82.30999755859375
93.04000091552734
100.94999694824219
109.11000061035156
115.69999694824219
116.94999694824219
113.13999938964844
120.37999725341797
71.20999908447266
66.79000091552734
62.709999084472656
60.470001220703125
63.5099983215332
62.709999084472656
63.20000076293945
60.25
62.060001373291016
58.9900016784668
59.09000015258789
60.0099983215332
59.880001068115234
58.47999954223633
55.5099983215332
53.630001068115234
56.97999954223633
58.20000076293945
54.93000030517578
58.130001068115234
58.34000015258789
63.40999984741211
61.7599983215332
69.05999755859375
65.6500015258789
68.44000244140625
74.44000244140625
68.7300033569336
78.80999755859375
79.02999877929688
85.70999908447266
87.61000061035156
96.3499984741211
93.94000244140625
102.6500015258789
71.55000305175781
59.90999984741211
73.0
73.52999877929688
77.8499984741211
83.0999984741211
87.94000244140625
92.05999755859375
87.58000183105469
66.33000183105469
67.44000244140625
54.9900016784668
57.47999954223633
54.70000076293945
56.22999954223633
55.08000183105469
56.90999984741211
57.91999816894531
58.849998474121094
59.540000915527344
57.34000015258789
57.95000076293945
56.59000015258789
61.279998779296875
61.400001525878906
62.81999969482422
64.83999633789062
64.4800033569336
60.400001525878906
56.84000015258789
64.38999938964844
61.59000015258789
64.98999786376953
74.51000213623047
75.62999725341797
69.68000030517578
62.470001220703125
63.849998474121094
70.62999725341797
70.33000183105469
73.70999908447266
79.29000091552734
64.01000213623047
67.13999938964844
64.13999938964844
65.13999938964844
69.91999816894531
75.61000061035156
68.5999984741211
61.709999084472656
62.0
58.75
55.709999084472656
60.060001373291016
61.380001068115234
65.18000030517578
52.349998474121094
54.709999084472656
51.290000915527344
53.68000030517578
56.93000030517578
63.06999969482422
64.8499984741211
72.77999877929688
76.43000030517578
80.04000091552734
75.79000091552734
57.20000076293945
54.720001220703125
60.04999923706055
61.91999816894531
68.77999877929688
75.4800033569336
86.43000030517578
94.04000091552734
90.3499984741211
57.47999954223633
56.38999938964844
53.58000183105469
51.91999816894531
53.630001068115234
53.91999816894531
56.29999923706055
53.97999954223633
52.09000015258789
57.939998626708984
56.5
58.52000045776367
58.209999084472656
58.439998626708984
60.720001220703125
64.05000305175781
67.80000305175781
78.33000183105469
83.5999984741211
79.91999816894531
64.97000122070312
67.91000366210938
62.779998779296875
62.529998779296875
63.970001220703125
63.72999954223633
63.5099983215332
62.959999084472656
62.970001220703125
65.19000244140625
62.459999084472656
62.189998626708984
61.40999984741211
58.47999954223633
58.130001068115234
55.38999938964844
61.439998626708984
62.41999816894531
61.91999816894531
62.63999938964844
62.9900016784668
67.06999969482422
78.6500015258789
83.5199966430664
85.83999633789062
87.16999816894531
99.12999725341797
110.9000015258789
116.8499984741211
106.5999984741211
86.20999908447266
89.95999908447266
83.12000274658203
81.4000015258789
76.43000030517578
81.81999969482422
82.94000244140625
80.94999694824219
82.86000061035156
95.41999816894531
80.33000183105469
83.0
79.55000305175781
82.31999969482422
85.63999938964844
85.30999755859375
91.5199966430664
90.4800033569336
90.7699966430664
97.73999786376953
97.75
103.08999633789062
90.47000122070312
97.75
83.98999786376953
86.63999938964844
90.33000183105469
87.44999694824219
88.9000015258789
91.69000244140625
88.45999908447266
88.16000366210938
90.81999969482422
83.88999938964844
89.7699966430664
85.58000183105469
91.04000091552734
92.66000366210938
92.61000061035156
93.61000061035156
92.0199966430664
97.08000183105469
97.16000366210938
101.8499984741211
100.97000122070312
97.27999877929688
94.41000366210938
95.55000305175781
95.0999984741211
96.87000274658203
95.5
97.16000366210938
96.52999877929688
99.80000305175781
95.43000030517578
95.68000030517578
98.20999908447266
100.55999755859375
97.66999816894531
89.95999908447266
77.62999725341797
80.05999755859375
88.5199966430664
93.68000030517578
91.95999908447266
81.66999816894531
92.66999816894531
86.38999938964844
84.0199966430664
86.44000244140625
80.38999938964844
86.41000366210938
87.93000030517578
91.05000305175781
78.58000183105469
73.5199966430664
82.3499984741211
78.91999816894531
78.88999938964844
79.88999938964844
80.88999938964844
75.0
71.5999984741211
73.55999755859375
73.72000122070312
78.47000122070312
83.19999694824219
91.58000183105469
104.27999877929688
116.37000274658203
118.7699966430664
119.0999984741211
71.38999938964844
73.25
68.08000183105469
65.36000061035156
67.97000122070312
69.75
67.48999786376953
71.56999969482422
60.400001525878906
57.81999969482422
63.7400016784668
65.22000122070312
75.66000366210938
79.05999755859375
94.19999694824219
91.3499984741211
57.75
61.54999923706055
57.22999954223633
54.58000183105469
51.40999984741211
55.209999084472656
58.310001373291016
58.13999938964844
56.52000045776367
53.040000915527344
56.939998626708984
57.560001373291016
59.279998779296875
60.040000915527344
57.439998626708984
58.91999816894531
56.33000183105469
64.26000213623047
66.72000122070312
67.18000030517578
76.51000213623047
65.2699966430664
69.06999969482422
65.0999984741211
68.94999694824219
67.9800033569336
69.8499984741211
64.58999633789062
78.69000244140625
81.75
82.51000213623047
85.91999816894531
83.33000183105469
85.08999633789062
83.3499984741211
91.04000091552734
98.48999786376953
102.0199966430664
98.0999984741211
95.20999908447266
94.08999633789062
103.18000030517578
107.33000183105469
114.83000183105469
125.19999694824219
129.9499969482422
136.8699951171875
144.91000366210938
142.3000030517578
147.35000610351562
107.36000061035156
114.91000366210938
106.51000213623047
105.19000244140625
98.4000015258789
93.88999938964844
95.94999694824219
109.68000030517578
108.94999694824219
105.62999725341797
101.52999877929688
104.93000030517578
104.16000366210938
99.2699966430664
102.30000305175781
104.80999755859375
110.2699966430664
108.4800033569336
111.44000244140625
118.55999755859375
123.16999816894531
124.76000213623047
126.06999969482422
130.3800048828125
131.16000366210938
132.0
106.83999633789062
112.58999633789062
98.70999908447266
94.22000122070312
92.1500015258789
92.76000213623047
98.80999755859375
104.52999877929688
96.55999755859375
88.30999755859375
88.45999908447266
81.55999755859375
82.95999908447266
79.7699966430664
77.13999938964844
80.23999786376953
76.97000122070312
75.29000091552734
72.52999877929688
69.48999786376953
73.91000366210938
83.94000244140625
95.80999755859375
106.20999908447266
117.66999816894531
119.87000274658203
69.88999938964844
61.779998779296875
62.130001068115234
59.709999084472656
58.400001525878906
62.2400016784668
57.20000076293945
63.400001525878906
62.52000045776367
57.38999938964844
60.70000076293945
67.7300033569336
74.79000091552734
70.70999908447266
60.959999084472656
65.91999816894531
59.029998779296875
58.97999954223633
57.790000915527344
62.72999954223633
61.06999969482422
63.54999923706055
58.34000015258789
60.88999938964844
58.77000045776367
62.779998779296875
61.29999923706055
59.93000030517578
65.0199966430664
70.95999908447266
86.9000015258789
68.9800033569336
70.06999969482422
69.62999725341797
68.08999633789062
68.77999877929688
69.13999938964844
66.43000030517578
66.87999725341797
65.48999786376953
80.05999755859375
85.95999908447266
87.31999969482422
91.62999725341797
95.45999908447266
96.73999786376953
94.98999786376953
96.20999908447266
90.95999908447266
91.19000244140625
82.79000091552734
94.18000030517578
95.52999877929688
105.69000244140625
116.61000061035156
115.8499984741211
117.63999938964844
116.19999694824219
117.9800033569336
91.33000183105469
91.38999938964844
88.94000244140625
95.69999694824219
100.5999984741211
101.52999877929688
102.0199966430664
101.93000030517578
104.63999938964844
104.33999633789062
101.83999633789062
101.69000244140625
103.52999877929688
104.30999755859375
102.37000274658203
96.19999694824219
93.18000030517578
94.31999969482422
98.75
110.83999633789062
114.36000061035156
120.01000213623047
123.66000366210938
116.41999816894531
97.61000061035156
94.73999786376953
96.61000061035156
96.73999786376953
107.69999694824219
117.13999938964844
115.11000061035156
124.18000030517578
88.98999786376953
83.0999984741211
91.73999786376953
96.30999755859375
86.18000030517578
78.2300033569336
76.22000122070312
73.76000213623047
107.44000244140625
112.41999816894531
114.54000091552734
112.94000244140625
115.98999786376953
117.81999969482422
118.83999633789062
122.26000213623047
130.4499969482422
135.3000030517578
125.16000366210938
108.58000183105469
115.26000213623047
100.56999969482422
95.56999969482422
94.37999725341797
93.86000061035156
91.02999877929688
96.62000274658203
103.18000030517578
94.31999969482422
101.98999786376953
102.80999755859375
101.75
102.94999694824219
104.48999786376953
99.62000274658203
91.23999786376953
102.41000366210938
103.70999908447266
108.79000091552734
125.25
111.70999908447266
113.9000015258789
111.19999694824219
108.83999633789062
110.80000305175781
105.54000091552734
118.41999816894531
107.9800033569336
124.80000305175781
113.51000213623047
101.01000213623047
97.62999725341797
100.45999908447266
87.9000015258789
120.91000366210938
123.05000305175781
128.25
133.58999633789062
132.72000122070312
128.50999450683594
124.9800033569336
126.62000274658203
127.5199966430664
139.8699951171875
152.9199981689453
138.1199951171875
138.19000244140625
133.25
151.92999267578125
158.69000244140625
162.38999938964844
163.86000061035156
164.25999450683594
163.30999755859375
162.58999633789062
165.74000549316406
172.8300018310547
156.0
151.6999969482422
153.77000427246094
156.5399932861328
154.38999938964844
139.91000366210938
134.61000061035156
121.13999938964844
118.11000061035156
116.01000213623047
114.47000122070312
112.76000213623047
123.98999786376953
108.4800033569336
133.9499969482422
134.5500030517578
135.82000732421875
137.24000549316406
131.8800048828125
129.02000427246094
125.66999816894531
127.98999786376953
131.67999267578125
125.13999938964844
127.51000213623047
129.42999267578125
107.95999908447266
100.69999694824219
95.91999816894531
97.95999908447266
100.87000274658203
103.19000244140625
116.77999877929688
101.5999984741211
103.5
102.3499984741211
114.12000274658203
118.93000030517578
123.80999755859375
124.70999908447266
122.33000183105469
119.8499984741211
116.29000091552734
112.1500015258789
110.08000183105469
124.7699966430664
124.95999908447266
121.76000213623047
127.61000061035156
125.33999633789062
123.80000305175781
122.27999877929688
130.97000122070312
129.0399932861328
129.72000122070312
125.88999938964844
122.63999938964844
119.12000274658203
118.75
120.87000274658203
119.08999633789062
116.2300033569336
114.5999984741211
121.0199966430664
120.5999984741211
115.11000061035156
115.87000274658203
117.68000030517578
115.11000061035156
126.62000274658203
110.05999755859375
129.7899932861328
123.30999755859375
119.80999755859375
110.83000183105469
107.1500015258789
98.81999969482422
122.95999908447266
125.81999969482422
117.44999694824219
117.12000274658203
109.08000183105469
105.13999938964844
105.91000366210938
107.0999984741211
114.5199966430664
116.30000305175781
107.70999908447266
103.4000015258789
98.95999908447266
99.26000213623047
86.93000030517578
91.0199966430664
110.8499984741211
113.54000091552734
118.12000274658203
118.98999786376953
125.01000213623047
130.63999938964844
135.60000610351562
146.30999755859375
154.24000549316406
154.6300048828125
157.66000366210938
116.2300033569336
118.5199966430664
107.55999755859375
101.79000091552734
95.08000183105469
88.0
85.9000015258789
83.27999877929688
82.41999816894531
102.76000213623047
105.44999694824219
107.56999969482422
108.31999969482422
116.4800033569336
121.73999786376953
128.72000122070312
126.73999786376953
119.69000244140625
118.55999755859375
121.5199966430664
104.97000122070312
95.87999725341797
110.06999969482422
118.8499984741211
118.93000030517578
122.08000183105469
122.7699966430664
124.05000305175781
123.7699966430664
133.10000610351562
117.9000015258789
107.5999984741211
111.44000244140625
112.76000213623047
114.30999755859375
110.76000213623047
106.76000213623047
100.69999694824219
105.91999816894531
95.1500015258789
91.45999908447266
86.69000244140625
89.66999816894531
89.27999877929688
91.5999984741211
96.06999969482422
100.3499984741211
106.25
105.20999908447266
106.23999786376953
105.66000366210938
97.5
94.73999786376953
99.22000122070312
100.48999786376953
97.26000213623047
89.12000274658203
91.86000061035156
86.68000030517578
99.45999908447266
103.5999984741211
96.56999969482422
91.83999633789062
91.83999633789062
96.41000366210938
100.05999755859375
102.44000244140625
106.27999877929688
103.16999816894531
98.80000305175781
91.7300033569336
99.66000366210938
94.02999877929688
92.4000015258789
93.23999786376953
99.37999725341797
101.02999877929688
103.19999694824219
92.13999938964844
98.7300033569336
91.0199966430664
96.55000305175781
103.97000122070312
101.72000122070312
96.12999725341797
102.72000122070312
103.69999694824219
99.0
98.94000244140625
105.37000274658203
101.06999969482422
94.5
97.62000274658203
87.58999633789062
79.83000183105469
80.63999938964844
79.2300033569336
80.5
79.41000366210938
80.27999877929688
81.87999725341797
76.80999755859375
71.06999969482422
84.33999633789062
90.4000015258789
91.91999816894531
97.0199966430664
97.20999908447266
95.70999908447266
100.54000091552734
96.61000061035156
100.37000274658203
96.38999938964844
97.44000244140625
106.02999877929688
96.19999694824219
94.11000061035156
99.58000183105469
97.47000122070312
97.37999725341797
95.87000274658203
99.02999877929688
98.4800033569336
102.8499984741211
105.1500015258789
100.9000015258789
91.7699966430664
87.30999755859375
85.66999816894531
83.81999969482422
81.37000274658203
84.22000122070312
98.70999908447266
104.37000274658203
103.30999755859375
116.69000244140625
130.5500030517578
136.27999877929688
145.5
154.1300048828125
160.75999450683594
166.60000610351562
158.88999938964844
110.87999725341797
108.69999694824219
107.02999877929688
103.51000213623047
106.9000015258789
107.0
107.41000366210938
103.77999877929688
101.1500015258789
91.26000213623047
103.30999755859375
115.20999908447266
122.30999755859375
129.1999969482422
130.47999572753906
125.06999969482422
118.12999725341797
109.18000030517578
122.95999908447266
115.33999633789062
111.75
113.5999984741211
114.62000274658203
117.76000213623047
121.22000122070312
113.08000183105469
121.30999755859375
112.80000305175781
107.19000244140625
110.33000183105469
113.72000122070312
118.55999755859375
103.97000122070312
89.3499984741211
109.72000122070312
120.38999938964844
130.05999755859375
136.97000122070312
139.41000366210938
138.72999572753906
129.61000061035156
118.52999877929688
119.63999938964844
109.37000274658203
100.16000366210938
97.45999908447266
100.44000244140625
101.43000030517578
101.01000213623047
101.48999786376953
107.3499984741211
93.12000274658203
86.04000091552734
75.41999816894531
76.06999969482422
80.25
77.55000305175781
85.37000274658203
102.30999755859375
85.5999984741211
96.77999877929688
98.83000183105469
98.22000122070312
96.25
100.44999694824219
103.79000091552734
100.72000122070312
110.04000091552734
110.9000015258789
112.6500015258789
107.38999938964844
117.43000030517578
110.97000122070312
105.13999938964844
117.97000122070312
118.80000305175781
118.83000183105469
103.83999633789062
120.36000061035156
116.62000274658203
126.1500015258789
114.33000183105469
118.66000366210938
117.1500015258789
121.38999938964844
115.8499984741211
123.41999816894531
106.04000091552734
107.0999984741211
112.83000183105469
121.56999969482422
113.19000244140625
114.87000274658203
125.01000213623047
133.83999633789062
129.66000366210938
116.37000274658203
117.55000305175781
101.06999969482422
117.2300033569336
119.23999786376953
132.0
118.70999908447266
116.30999755859375
116.20999908447266
123.62000274658203
115.29000091552734
114.37999725341797
115.72000122070312
104.19000244140625
96.0
99.2699966430664
104.73999786376953
109.6500015258789
107.4000015258789
109.08999633789062
93.38999938964844
89.16999816894531
90.05000305175781
84.63999938964844
86.33000183105469
95.16000366210938
93.76000213623047
98.20999908447266
81.7300033569336
82.12999725341797
79.41000366210938
77.12999725341797
79.27999877929688
78.16999816894531
69.75
79.08999633789062
84.97000122070312
83.3499984741211
83.9000015258789
79.54000091552734
87.94000244140625
87.22000122070312
96.7300033569336
89.45999908447266
89.5
90.16000366210938
94.5999984741211
96.08999633789062
99.66000366210938
97.2699966430664
97.69999694824219
94.97000122070312
86.20999908447266
82.5999984741211
87.6500015258789
87.5999984741211
89.77999877929688
85.18000030517578
90.43000030517578
89.69000244140625
88.30000305175781
87.61000061035156
87.25
90.69000244140625
84.04000091552734
75.70999908447266
88.87999725341797
88.87999725341797
92.55999755859375
84.33999633789062
81.91999816894531
87.62000274658203
89.20999908447266
95.91000366210938
95.9000015258789
91.45999908447266
87.93000030517578
86.55999755859375
81.63999938964844
89.18000030517578
82.75
81.2300033569336
78.1500015258789
80.13999938964844
78.87000274658203
81.68000030517578
83.94999694824219
75.48999786376953
76.9800033569336
76.12000274658203
81.55999755859375
84.77999877929688
85.25
81.58999633789062
81.11000061035156
78.76000213623047
78.83999633789062
79.62999725341797
79.08000183105469
79.70999908447266
81.95999908447266
80.9000015258789
81.7699966430664
88.16999816894531
96.8499984741211
99.27999877929688
87.62999725341797
96.36000061035156
92.38999938964844
97.05000305175781
96.91999816894531
90.0
85.80999755859375
81.88999938964844
80.25
82.1500015258789
83.66000366210938
85.81999969482422
100.41000366210938
102.44000244140625
105.66999816894531
103.9800033569336
101.9800033569336
95.80999755859375
95.56999969482422
88.77999877929688
91.75
111.04000091552734
109.04000091552734
121.26000213623047
122.18000030517578
131.02000427246094
138.61000061035156
150.41000366210938
140.1199951171875
116.94000244140625
120.91000366210938
110.30000305175781
113.70999908447266
110.04000091552734
120.44999694824219
122.44999694824219
126.87999725341797
129.22000122070312
128.8800048828125
134.27999877929688
131.7100067138672
133.30999755859375
131.02000427246094
132.14999389648438
131.07000732421875
133.52999877929688
136.0500030517578
133.55999755859375
138.94000244140625
137.7899932861328
136.35000610351562
136.72999572753906
142.1999969482422
143.33999633789062
133.32000732421875
127.30000305175781
132.69000244140625
134.42999267578125
127.76000213623047
122.33000183105469
126.2699966430664
138.6300048828125
130.41000366210938
144.42999267578125
144.13999938964844
147.86000061035156
147.4600067138672
144.77999877929688
137.77000427246094
137.13999938964844
132.75
123.66000366210938
122.36000061035156
121.95999908447266
119.5999984741211
111.47000122070312
100.69999694824219
105.19000244140625
101.11000061035156
100.0
96.94999694824219
101.45999908447266
104.29000091552734
120.9800033569336
107.11000061035156
111.51000213623047
129.42999267578125
141.6699981689453
146.38999938964844
144.19000244140625
108.05000305175781
105.37999725341797
111.06999969482422
113.86000061035156
121.04000091552734
128.27999877929688
120.66999816894531
114.05999755859375
121.41000366210938
130.1999969482422
132.39999389648438
129.97000122070312
125.2300033569336
122.87000274658203
114.29000091552734
109.37999725341797
120.86000061035156
117.19999694824219
110.83999633789062
110.3499984741211
106.52999877929688
107.95999908447266
110.30999755859375
101.27999877929688
111.20999908447266
110.43000030517578
114.30000305175781
99.8499984741211
108.19000244140625
108.72000122070312
103.20999908447266
105.91999816894531
111.43000030517578
107.56999969482422
109.16000366210938
113.26000213623047
116.16999816894531
111.27999877929688
113.37000274658203
112.91999816894531
110.0999984741211
110.75
109.62000274658203
99.44999694824219
115.88999938964844
124.05000305175781
121.02999877929688
121.77999877929688
120.31999969482422
130.39999389648438
127.05000305175781
132.47000122070312
129.25
128.5
130.83999633789062
135.27000427246094
135.0500030517578
132.8300018310547
124.26000213623047
127.58999633789062
120.05000305175781
126.18000030517578
128.6199951171875
123.62999725341797
130.8800048828125
130.5399932861328
137.55999755859375
132.5500030517578
135.72999572753906
137.00999450683594
138.97999572753906
140.25999450683594
138.02999877929688
137.6699981689453
136.66000366210938
138.72000122070312
140.9199981689453
138.22000122070312
144.25
144.63999938964844
146.4199981689453
154.16000366210938
165.0399932861328
158.58999633789062
149.72000122070312
144.99000549316406
141.5399932861328
136.0399932861328
130.02000427246094
137.19000244140625
148.0500030517578
147.94000244140625
144.0
141.61000061035156
142.42999267578125
143.8000030517578
142.75999450683594
145.6699981689453
142.74000549316406
141.82000732421875
133.57000732421875
133.5
125.06999969482422
147.1300048828125
150.83999633789062
145.49000549316406
146.0399932861328
141.10000610351562
133.5500030517578
129.05999755859375
130.32000732421875
128.5500030517578
107.51000213623047
134.0500030517578
135.60000610351562
146.97000122070312
150.42999267578125
139.82000732421875
129.7100067138672
121.62000274658203
129.1199951171875
122.19999694824219
126.68000030517578
128.27000427246094
125.05000305175781
116.01000213623047
124.19000244140625
135.83999633789062
148.52000427246094
136.16000366210938
141.75999450683594
140.55999755859375
138.82000732421875
138.50999450683594
141.02999877929688
134.60000610351562
140.92999267578125
139.30999755859375
144.61000061035156
145.47000122070312
139.60000610351562
130.67999267578125
144.22000122070312
121.9800033569336
121.87000274658203
117.44000244140625
115.80000305175781
110.52999877929688
115.2699966430664
122.6500015258789
122.05999755859375
121.94999694824219
133.2100067138672
134.02999877929688
131.0500030517578
117.1500015258789
114.91000366210938
137.08999633789062
133.3800048828125
134.55999755859375
120.4000015258789
118.79000091552734
120.04000091552734
120.63999938964844
120.44999694824219
119.86000061035156
123.02999877929688
123.8499984741211
116.19999694824219
115.05999755859375
117.7300033569336
111.41000366210938
120.76000213623047
102.11000061035156
105.7300033569336
103.1500015258789
100.88999938964844
112.75
114.81999969482422
121.6500015258789
125.44999694824219
126.98999786376953
128.64999389648438
125.77999877929688
121.94999694824219
112.58000183105469
125.44999694824219
116.77999877929688
104.66000366210938
99.76000213623047
101.44000244140625
106.61000061035156
105.19000244140625
109.4800033569336
107.41000366210938
120.12999725341797
105.2300033569336
102.0199966430664
99.7699966430664
96.77999877929688
98.31999969482422
98.45999908447266
96.06999969482422
97.20999908447266
91.80000305175781
94.58000183105469
87.88999938964844
78.97000122070312
74.19999694824219
79.63999938964844
85.75
82.30999755859375
81.91999816894531
104.5199966430664
108.5999984741211
112.5199966430664
103.61000061035156
101.80999755859375
96.33000183105469
99.1500015258789
91.41999816894531
91.0
89.11000061035156
86.69999694824219
83.12000274658203
80.66000366210938
76.08999633789062
92.06999969482422
84.11000061035156
108.94999694824219
124.4000015258789
134.74000549316406
134.7899932861328
134.77000427246094
135.9499969482422
127.16999816894531
136.02000427246094
124.08000183105469
117.83000183105469
119.61000061035156
126.08999633789062
129.30999755859375
130.72999572753906
132.8000030517578
132.39999389648438
132.99000549316406
112.33000183105469
111.66999816894531
111.19000244140625
116.2699966430664
124.08000183105469
128.88999938964844
134.25999450683594
141.60000610351562
147.41000366210938
147.10000610351562
155.67999267578125
113.2300033569336
118.0
104.37999725341797
108.69000244140625
110.44000244140625
106.91999816894531
100.87000274658203
100.12000274658203
96.93000030517578
99.86000061035156
87.94000244140625
116.63999938964844
125.9000015258789
124.86000061035156
126.62999725341797
135.66000366210938
139.63999938964844
142.55999755859375
141.60000610351562
137.75999450683594
119.88999938964844
114.66999816894531
118.16999816894531
117.27999877929688
126.2699966430664
129.25999450683594
126.13999938964844
116.20999908447266
115.95999908447266
122.41000366210938
113.70999908447266
114.20999908447266
115.37999725341797
117.66000366210938
119.23999786376953
106.9000015258789
100.0999984741211
108.3499984741211
109.41000366210938
112.16999816894531
118.38999938964844
123.62000274658203
125.44000244140625
130.17999267578125
131.3000030517578
122.87999725341797
111.7699966430664
122.58999633789062
108.41999816894531
112.93000030517578
115.98999786376953
107.51000213623047
117.7300033569336
116.06999969482422
122.04000091552734
125.12000274658203
127.86000061035156
133.67999267578125
123.87999725341797
118.13999938964844
117.29000091552734
117.4800033569336
116.88999938964844
117.0199966430664
114.26000213623047
115.43000030517578
112.62999725341797
114.56999969482422
110.62999725341797
103.66000366210938
116.5199966430664
120.83000183105469
114.55000305175781
116.6500015258789
122.97000122070312
126.08999633789062
133.00999450683594
143.0
127.44000244140625
115.12999725341797
111.33000183105469
119.9000015258789
118.7300033569336
110.56999969482422
120.44000244140625
120.3499984741211
122.9800033569336
124.05000305175781
127.06999969482422
127.80999755859375
127.9000015258789
127.4800033569336
117.6500015258789
110.52999877929688
114.18000030517578
110.69999694824219
113.4000015258789
117.12999725341797
124.31999969482422
129.1999969482422
128.41000366210938
101.12999725341797
84.05000305175781
103.02999877929688
110.73999786376953
112.97000122070312
109.91999816894531
108.55999755859375
107.98999786376953
111.41999816894531
115.4000015258789
118.70999908447266
119.81999969482422
116.16000366210938
99.79000091552734
114.87999725341797
114.54000091552734
108.72000122070312
105.72000122070312
107.4000015258789
106.29000091552734
100.87000274658203
115.23999786376953
111.41000366210938
113.11000061035156
119.66000366210938
126.19999694824219
126.7300033569336
126.9000015258789
126.38999938964844
119.22000122070312
113.88999938964844
116.02999877929688
121.5199966430664
125.44000244140625
127.43000030517578
128.61000061035156
132.1699981689453
129.11000061035156
127.9000015258789
129.97000122070312
126.77999877929688
131.8000030517578
131.7100067138672
125.76000213623047
123.6500015258789
123.41999816894531
127.37999725341797
118.3499984741211
122.0199966430664
110.20999908447266
118.97000122070312
111.2699966430664
101.0999984741211
102.27999877929688
106.61000061035156
99.30000305175781
116.02999877929688
112.88999938964844
123.87999725341797
120.48999786376953
116.4000015258789
120.16999816894531
120.1500015258789
115.38999938964844
126.0
126.79000091552734
127.69999694824219
128.77999877929688
128.88999938964844
140.36000061035156
135.22000122070312
145.5800018310547
147.49000549316406
148.8300018310547
145.7100067138672
156.2899932861328
151.47000122070312
160.83999633789062
153.4199981689453
152.5800018310547
153.99000549316406
153.63999938964844
153.83999633789062
150.97999572753906
143.4600067138672
155.85000610351562
160.57000732421875
154.32000732421875
152.39999389648438
154.52999877929688
167.52000427246094
173.94000244140625
174.4600067138672
172.22000122070312
174.80999755859375
178.58999633789062
181.1699981689453
179.27000427246094
187.38999938964844
170.75
162.3800048828125
172.05999755859375
163.57000732421875
150.57000732421875
141.0399932861328
126.22000122070312
141.9199981689453
166.02999877929688
170.39999389648438
163.2899932861328
162.9499969482422
158.4199981689453
152.3699951171875
151.00999450683594
141.4600067138672
160.22000122070312
166.6300048828125
158.82000732421875
161.97000122070312
163.0800018310547
171.17999267578125
171.3699951171875
170.77999877929688
169.83999633789062
172.42999267578125
171.52000427246094
168.41000366210938
169.11000061035156
168.69000244140625
163.77999877929688
163.27000427246094
167.80999755859375
172.8699951171875
169.72999572753906
165.25999450683594
163.39999389648438
171.50999450683594
165.75999450683594
174.64999389648438
170.25
169.16000366210938
166.7899932861328
170.97000122070312
172.1300048828125
172.8000030517578
163.16000366210938
180.9499969482422
174.11000061035156
175.39999389648438
179.0800018310547
187.24000549316406
187.83999633789062
188.39999389648438
181.25
193.67999267578125
192.8699951171875
194.32000732421875
195.92999267578125
196.36000061035156
190.83999633789062
186.36000061035156
184.16000366210938
196.39999389648438
183.5800018310547
194.24000549316406
182.02000427246094
176.58999633789062
172.83999633789062
178.19000244140625
180.5399932861328
172.08999633789062
168.89999389648438
160.91000366210938
151.85000610351562
149.61000061035156
142.8300018310547
172.02000427246094
160.00999450683594
180.1999969482422
178.3699951171875
183.57000732421875
186.61000061035156
183.47000122070312
173.0800018310547
176.10000610351562
159.97999572753906
151.41000366210938
154.80999755859375
153.50999450683594
152.58999633789062
153.11000061035156
150.14999389648438
149.83999633789062
142.72000122070312
139.0399932861328
123.98999786376953
137.1699981689453
135.3300018310547
135.32000732421875
145.0800018310547
132.35000610351562
135.27000427246094
127.2300033569336
139.02999877929688
130.88999938964844
145.5800018310547
153.0399932861328
150.19000244140625
155.02999877929688
156.14999389648438
145.82000732421875
140.00999450683594
146.13999938964844
152.50999450683594
160.4499969482422
170.13999938964844
151.41000366210938
143.0399932861328
136.88999938964844
137.60000610351562
141.2100067138672
142.05999755859375
156.6300048828125
135.57000732421875
135.41000366210938
134.72999572753906
133.6999969482422
136.30999755859375
133.8000030517578
135.1199951171875
137.16000366210938
143.3699951171875
146.6199951171875
153.08999633789062
160.72999572753906
172.4600067138672
180.08999633789062
177.52999877929688
183.33999633789062
136.86000061035156
128.14999389648438
135.0800018310547
135.0800018310547
137.25
134.1999969482422
139.1699981689453
138.55999755859375
137.77999877929688
138.42999267578125
141.8300018310547
134.57000732421875
122.98999786376953
138.32000732421875
139.10000610351562
130.4499969482422
128.82000732421875
136.02000427246094
143.66000366210938
143.7899932861328
144.22999572753906
136.7899932861328
145.33999633789062
152.74000549316406
152.0
154.0800018310547
154.0
151.58999633789062
149.52000427246094
151.4199981689453
148.58999633789062
151.82000732421875
153.9600067138672
154.16000366210938
154.85000610351562
151.24000549316406
148.4499969482422
143.0800018310547
144.11000061035156
143.25
143.8800048828125
142.8000030517578
150.97000122070312
154.2899932861328
156.9499969482422
145.88999938964844
150.8300018310547
143.02000427246094
138.41000366210938
137.4600067138672
135.77000427246094
139.22999572753906
147.6699981689453
142.27999877929688
145.7899932861328
145.57000732421875
139.24000549316406
147.17999267578125
147.72999572753906
146.72999572753906
147.22000122070312
150.72000122070312
154.2100067138672
153.11000061035156
154.19000244140625
146.5800018310547
142.25
142.42999267578125
144.30999755859375
151.92999267578125
151.22000122070312
145.85000610351562
139.5500030517578
139.42999267578125
135.9600067138672
136.9499969482422
135.08999633789062
137.94000244140625
147.64999389648438
161.25999450683594
153.77999877929688
141.33999633789062
135.50999450683594
142.02999877929688
142.55999755859375
146.32000732421875
143.3300018310547
141.6699981689453
143.16000366210938
133.41000366210938
129.07000732421875
126.70999908447266
123.87000274658203
126.97000122070312
128.58999633789062
128.89999389648438
128.72999572753906
133.4600067138672
119.12000274658203
114.77999877929688
120.80000305175781
125.94000244140625
133.10000610351562
140.3800048828125
145.52000427246094
148.22999572753906
147.22000122070312
123.58000183105469
117.26000213623047
123.12999725341797
120.30000305175781
118.83999633789062
106.51000213623047
112.72000122070312
103.31999969482422
111.36000061035156
114.9800033569336
117.0999984741211
115.44999694824219
123.6500015258789
125.5999984741211
126.4000015258789
123.44999694824219
127.98999786376953
120.44999694824219
121.52999877929688
121.30000305175781
123.23999786376953
131.8300018310547
128.11000061035156
140.5500030517578
125.62999725341797
121.2300033569336
121.97000122070312
112.0999984741211
116.9000015258789
116.98999786376953
114.56999969482422
115.12999725341797
94.79000091552734
87.87999725341797
92.66000366210938
93.55000305175781
90.26000213623047
95.58999633789062
96.52999877929688
102.87999725341797
92.87999725341797
90.25
96.02999877929688
105.25
113.3499984741211
119.76000213623047
123.2300033569336
116.44999694824219
105.87000274658203
109.19000244140625
104.98999786376953
98.38999938964844
98.95999908447266
98.31999969482422
97.29000091552734
107.36000061035156
93.5
97.55999755859375
102.72000122070312
94.30000305175781
93.4000015258789
96.2699966430664
95.76000213623047
98.22000122070312
102.43000030517578
92.6500015258789
93.36000061035156
101.73999786376953
109.33000183105469
108.81999969482422
111.47000122070312
107.69000244140625
109.1500015258789
110.72000122070312
106.62999725341797
108.27999877929688
112.76000213623047
111.05999755859375
99.62999725341797
107.80999755859375
116.5
116.94999694824219
117.69000244140625
122.91000366210938
121.52999877929688
124.33999633789062
121.29000091552734
123.87999725341797
128.10000610351562
130.2100067138672
127.4000015258789
129.72000122070312
124.97000122070312
131.02999877929688
124.33000183105469
122.37999725341797
119.98999786376953
118.69000244140625
118.7699966430664
121.93000030517578
123.63999938964844
116.72000122070312
113.94999694824219
108.26000213623047
108.44000244140625
109.91000366210938
113.73999786376953
109.37000274658203
116.83000183105469
117.12999725341797
115.98999786376953
116.83999633789062
119.47000122070312
121.12000274658203
129.22000122070312
121.61000061035156
115.6500015258789
114.81999969482422
112.86000061035156
115.33000183105469
117.12999725341797
124.33999633789062
126.54000091552734
125.7699966430664
127.97000122070312
115.2300033569336
133.1699981689453
109.83000183105469
105.7699966430664
103.7699966430664
104.66000366210938
107.81999969482422
109.5
122.93000030517578
123.4800033569336
128.36000061035156
106.62999725341797
108.66999816894531
109.3499984741211
111.87000274658203
113.26000213623047
112.70999908447266
116.87999725341797
109.31999969482422
119.20999908447266
118.08999633789062
120.86000061035156
114.69000244140625
119.86000061035156
121.16999816894531
110.72000122070312
109.37999725341797
111.19000244140625
107.66000366210938
108.7699966430664
109.72000122070312
112.1500015258789
114.58000183105469
115.02999877929688
112.30000305175781
113.43000030517578
109.86000061035156
106.86000061035156
116.0
113.94000244140625
113.91000366210938
118.27999877929688
109.81999969482422
122.9800033569336
124.62999725341797
124.23999786376953
124.05999755859375
125.37999725341797
126.7300033569336
123.83000183105469
119.04000091552734
126.18000030517578
123.88999938964844
130.94000244140625
116.55999755859375
107.83999633789062
108.12999725341797
106.62000274658203
105.36000061035156
108.81999969482422
104.95999908447266
103.68000030517578
101.94999694824219
101.4000015258789
98.56999969482422
100.4800033569336
99.33999633789062
98.98999786376953
109.66999816894531
111.5999984741211
114.23999786376953
115.69000244140625
113.05000305175781
114.12999725341797
120.54000091552734
123.08999633789062
132.25
125.41000366210938
128.52000427246094
129.32000732421875
128.55999755859375
128.63999938964844
127.7699966430664
127.5999984741211
125.29000091552734
123.72000122070312
121.19000244140625
124.02999877929688
126.73999786376953
129.5800018310547
122.66999816894531
121.61000061035156
117.91999816894531
114.98999786376953
114.94999694824219
117.79000091552734
120.98999786376953
120.58999633789062
124.83000183105469
130.49000549316406
121.6500015258789
117.18000030517578
117.55999755859375
103.12000274658203
127.88999938964844
126.62999725341797
121.97000122070312
116.01000213623047
113.43000030517578
112.45999908447266
128.11000061035156
121.5
77.88999938964844
62.369998931884766
84.08000183105469
68.0
77.11000061035156
66.0
58.18000030517578
67.2699966430664
61.09000015258789
67.9000015258789
50.349998474121094
63.439998626708984
54.130001068115234
80.88999938964844
72.41000366210938
66.2699966430664
68.11000061035156
67.02999877929688
72.30000305175781
95.63999938964844
73.22000122070312
60.779998779296875
86.51000213623047
86.75
85.4800033569336
67.62999725341797
