1.7
38.3
37.76
36.89
36.61
38.76
31.5
29.2
28.25
33.65
29.87
25.97
21.37
23.97
22.11
24.09
26.42
28.61
32.63
40.31
40.83
41.21
19.18
19.22
18.32
17.45
17.84
19.79
20.41
20.41
16.45
15.42
15.94
15.07
15.07
15.17
14.9
16.17
13.1
13.07
12.24
12.52
12.92
12.23
11.72
10.39
11.4
10.99
10.96
10.8
12.62
10.82
11.28
9.48
9.26
9.36
10.41
9.37
9.21
9.27
9.58
10.33
12.12
9.98
9.74
9.44
8.82
9.58
10.13
10.22
10.57
12.63
12.7
10.54
8.38
8.77
8.8
9.28
10.07
11.35
12.78
11.39
9.39
10.94
10.63
10.89
11.51
13.94
13.97
15.09
11.24
11.49
11.22
12.04
13.43
15.44
15.35
14.29
11.94
11.81
10.16
11.58
11.31
11.5
12.07
11.61
11.82
12.79
13.6
14.18
13.15
13.48
13.13
14.71
19.05
27.98
29.12
28.84
14.99
14.92
13.38
13.65
11.7
12.91
14.66
18.37
13.12
14.92
15.74
17.4
20.99
21.96
21.24
18
22.12
14.94
14.22
15.71
17.16
17.56
17.68
17.16
18.59
20.05
17.8
19.2
18.69
18.02
17.13
18.14
17.63
17.45
18.56
17.89
15.66
17.49
18.97
20.69
19.17
19.36
18.27
21.45
24.42
23.17
24.33
26.59
28.82
30.6
33.77
32.52
23.67
22.55
23.62
22.86
23.03
21.55
26.15
22.66
22.71
23.06
25.12
27.85
27.41
29.66
31.54
34.22
39.44
44.88
43.24
34.11
34.26
33.49
31.39
33.53
34.72
42.3
38.79
31.56
35.18
32.24
30.86
30.43
29.4
28.87
25.49
24.53
23.7
26.02
20.89
20.93
22.32
26.47
35.16
26.13
18.75
20.75
17.4
15.25
15.03
15.9
16.08
14.43
16.33
13.87
13.38
13.19
15.18
14.63
13.23
12.64
12.66
11.59
11.62
12.83
13.27
13.82
10.62
13.08
10.64
9.68
10.92
11.6
11.41
12.24
11.93
13.29
12.4
11.71
10.13
10.45
9.24
9.09
9.3
11.09
9.75
9.07
10.71
8.49
8.19
9.08
10.28
9.37
9.13
8.84
8.5
9.53
9.39
9.72
9.44
11.06
10.5
9.4
10.54
9.92
10.72
9.74
10.48
10.35
11.02
11.13
10.99
11.78
12.55
12.56
15.75
16.82
20.04
20.38
19.53
21.62
22.56
21.55
23.34
24.88
22.94
25.17
28.03
29.04
30.95
26.93
28.73
25.25
31.14
27.19
28.08
26.98
29.92
28.33
28.88
30.54
26.25
27.21
29.96
30.71
30
24.4
25.6
21.41
21.48
19.55
21.06
22.35
23.74
24.86
27.18
24.54
19.21
21.92
19.69
17.58
17.87
17.74
15.71
17.24
14.82
17.36
17.5
18.53
18.54
17.79
15.8
16.92
13.94
14.61
14.93
13.97
14.03
14.2
14.06
13.3
13.88
13.41
13.56
15.62
15.92
15.66
19.05
20.84
15.92
16.07
17.25
16.83
18.83
21.42
28.19
34.6
41.94
45.13
42.97
52.69
18.13
18.59
17.15
16.41
15.52
16.59
17.19
20.54
30.89
25
14.16
14.73
13.81
14.46
14.69
16.01
14.34
13.66
15.06
14.99
15.84
18.65
21.82
29.19
18.93
20.12
19.91
19.4
20.09
21.14
22.44
22.72
26.3
21.84
24.54
19.31
17.99
18.17
16.51
18.9
18.02
14.8
16.46
16.05
15.67
14.12
15.73
19.72
21.02
19.93
19.47
20.7
23.92
19.41
21.57
21.1
24.26
26.9
24.06
23.1
24.69
27.9
29.2
33.32
32.46
31.54
29.69
29.71
28.93
32.24
31.38
29.55
25.32
29.95
34.07
36.68
41.94
40.27
49.92
31.88
31.99
31.01
32.97
37.47
41.33
43.48
44.92
29.1
30.58
27.99
24.56
27.72
30.6
36.97
35.23
19.84
19.69
17.16
16.47
17.48
14.09
12.99
13.15
13.46
13.09
13.85
13.6
13.27
13.76
15.17
15.87
19.34
26.43
27.81
32.31
14.8
12.46
14.14
14.03
16.67
23.29
27.3
31.38
32.03
36.87
28.82
27.37
12.58
12.66
11.56
10.82
10.16
11.12
9.97
9.7
10.49
11.74
10.87
11.34
10.49
11.16
11.06
11.31
11.67
13.23
13.98
17.91
19.39
19.1
11.87
11.47
11.82
13.31
15.45
18.84
25.46
31.4
36.94
12.8
12.91
11.18
12.07
12.41
15.08
18.42
16.7
19.08
11.64
10.73
10.62
11.33
10.28
11.06
11.51
10.85
11.47
12.22
11.44
12.85
13.34
12.96
15.02
14.43
10.78
12.35
11.03
11.85
12.58
11.99
12.52
10.21
10.2
9.9
10.73
12.5
9.93
11.36
11.87
11.2
13.41
12.55
12.86
13.17
13.97
15.02
15.07
15.23
15.98
16.97
15.22
15.97
15.44
16.04
16.16
15.71
18.02
20.57
17.82
16.24
18.31
17.61
16.29
16.75
18.21
17.2
19.38
20.33
16.5
15.32
14.65
18.23
20.33
22.72
26.53
27.7
34.29
33.23
33.19
16.61
16.54
15.22
15.61
17.99
17.48
16.2
14.75
13.73
13.74
12.96
12.71
12.59
12.72
11.9
12.8
13.36
14.72
13.75
14.88
16.96
15.1
15.21
15.37
13.14
12.12
13.46
14.86
17.7
16.89
22.13
24.21
20.5
11.83
12.4
11.07
10.15
10.69
11.36
12.81
13.01
11.6
11.29
10.81
11.66
10.42
10.19
10.48
10.61
11.45
11.84
15.17
19.51
20.93
20.13
22.26
23.93
26.01
11.28
11.16
9.97
9.33
9.7
8.69
9.22
9.79
10.5
9.2
8.82
9.43
9.18
11.26
11.85
15
16.38
19.29
19.22
11.08
11.87
11.15
10.73
11.09
11.47
13.42
11.47
10.98
13.13
11.68
11.87
12.08
15.31
11.24
12.49
12.26
11.73
12.26
11.75
12.62
12.52
12.76
14.6
11.87
13.53
12.43
13.49
11.63
13.28
13.18
12.51
13.85
12.73
14.39
15.03
15.29
19.27
19.72
28.34
25.03
25.5
18.58
18.53
14.7
19.3
17.17
21.32
23.87
25.34
29.89
36.34
38.71
42.49
23.86
25.17
24.61
25.82
27.28
26.86
31.52
29.83
28.02
28.85
30.23
32.46
30.54
32.8
30.79
32.89
39.42
31.86
36.3
39.45
40.92
40.14
40.21
36.47
38.88
33.98
32.66
30.64
34.54
28.82
29.54
33.09
36.5
36.32
38.58
35.91
34.02
40.04
28.37
25.46
24.77
22.38
21.82
23.29
22.83
25.32
21.29
21.09
23.27
22.11
21.01
22.65
20.68
21.44
18.23
17.55
16.75
18.02
20.74
17.53
16.98
16.83
16.55
18.18
18.56
17.4
19.75
18.7
17.93
23.67
26.49
28.09
30.42
24.74
36.17
42.79
49.46
59.12
62.9
68.81
69.99
66.24
44.44
40.68
46.46
52.62
57.5
54.03
58.62
57.96
58.38
53.5
57.58
58.06
58.95
63.05
57.32
69.12
57.04
59.06
59.56
60.7
62.11
66.48
59.29
58.03
64.12
69.98
74.93
79.67
81.67
82.5
81.35
57.38
55.8
57.61
54.56
61.09
69.73
74.06
73.92
79.65
48.71
48.14
46.11
46.74
48.7
49.22
46.14
47.62
47.06
40.96
38.68
37.22
32.6
30.76
33.22
28.95
31.03
27.96
31.53
28.28
25.45
27.06
24.8
25.34
23.89
21.26
22.01
22.81
22.25
19.73
22.88
20.43
20.21
21.6
23.26
28.35
24.97
21.04
20.87
20.15
21.05
21.58
24.68
25.06
25.17
19.1
21.66
20.69
21.01
22.09
23.06
26.31
26.64
23.45
24.27
20.55
20.83
21.78
22.81
24.05
28.58
23.37
22.59
23.35
26.28
25.82
26.34
23.81
25.44
24.49
24.73
24.05
28.08
32.98
37.82
36.22
21.97
20.14
23.03
22.37
23.18
24.62
21.66
21.24
22.25
20.99
21.54
24.9
24.31
32.15
21.91
18.17
19.53
20.8
24.67
27.96
30.78
36.7
35.57
34.21
20.11
20.47
18.65
18.72
21.81
25.45
29.02
30.09
17.69
16.84
16.08
15.89
17.19
16.8
15.53
16.12
14.04
13.63
14.17
14.47
14.79
14.48
15.66
14.85
14.11
16.69
16.3
14.4
15.8
14.79
15.24
17.26
21.69
27.36
32.28
41.44
12.57
12.25
11.91
10.96
11.42
11.26
11.36
12.03
12.04
11.33
13.26
13.59
13.14
13.79
14.38
15.31
17.52
21.46
25.68
27.14
14.8
14.52
13.05
13.7
13.67
17.73
18.85
16.31
13.3
15.54
12.45
12.87
11.04
10.43
11.76
10.66
13.32
13.75
14.98
17.44
17.7
19.38
21.29
23.65
25.52
26.57
27.15
19.41
17.84
18.26
18.67
19.37
24.45
17.6
18.09
14.57
15.37
15.27
15.71
18.94
15.66
15.51
17.12
15.16
14.95
14.94
14.44
15.23
14.82
16.82
17.21
18.66
19.85
20.24
23.59
25.57
29.41
23.24
24.65
21.11
21.19
23.91
28.96
32.14
39.71
40.93
21.19
21.75
17.36
18.03
16.82
17.91
18.01
17.18
17.91
17.49
16.85
18.42
18.61
19.02
21.22
21.26
26.1
25.33
28.66
19.16
19.18
17.28
16.35
17.1
15.64
16.86
17.72
17.68
18.78
18.86
20.94
21.24
21.32
16.88
17.74
16.15
15.02
15.84
17.17
19.09
18.4
15.5
15.65
13.87
13.72
12.66
13.25
14.78
12.82
13.66
12.54
11.53
14.49
15.14
13.97
13.19
12.46
11.56
11.2
11.15
11.32
13.06
10.98
10.55
10.99
11.33
12.6
14.32
13.08
11.23
12.26
13.23
13.93
12.76
15.09
11.27
12.05
11.92
12.87
13.49
13.68
14.62
14.8
14.05
16.65
16.21
16.53
15.05
16.13
16.65
17.21
18.6
16.18
16.32
19.91
23.68
27.59
29.09
34.48
14.96
16.58
12.61
12.07
11.82
11.25
13.8
9.63
12.95
10.42
11.59
12.81
14.37
13.93
15.47
15.33
14.56
13.37
13.81
11.98
11.06
11.71
11.77
14.07
11.55
10.98
10.52
10.62
10.45
11.53
10.96
19.15
8.54
10.33
10.83
11.86
12.22
13.32
13.94
16.95
23.26
18.7
11.63
13.65
10.22
10.69
10.63
10.6
10.95
9.38
9.15
8.87
10.43
10.73
9.2
9.82
10.74
10.87
10.97
12.55
13.38
13.53
14.47
15.87
15.86
10.95
10.46
10.82
12.9
14.32
15.24
15.18
17.82
12.21
14.09
12.44
11.92
10.72
11.32
11.04
10.57
11.72
11.18
11.3
12.03
11.85
12.5
13.39
14.59
15.28
17.33
12.94
12.67
12.49
13.95
15.43
19.84
26.12
28.47
27.13
23.59
23.77
13.97
14.42
13.51
13.53
13.72
13.59
14.88
12.54
13.03
13.84
12.74
13.09
13.58
13.43
13.51
14.39
14.35
16.59
20.61
16.89
18.01
17.28
15.83
15.61
14.91
16.48
17.92
21.38
25.3
23.64
30.98
16.13
17.16
15.51
16.38
17.06
20.07
23.58
24.98
27.4
16.29
18.21
15.2
17.74
18.31
18.89
21.25
18.88
17.91
19.04
13.92
15.34
17.17
19.73
19.81
14.31
15.11
14.93
15.85
18.42
17.88
16.5
16.81
16.65
13.56
14.4
13.17
14.14
14.44
14.56
15.72
13.56
13.82
15.27
16.86
20.83
20.7
24.02
23.33
25.44
14.38
14.1
13.82
13.12
13.02
13.53
14.82
13.64
14.89
16.06
13.26
14.66
14.18
12.3
12.62
14.74
12.33
11.61
12.95
13.1
13.64
13.09
13.34
13.07
15.6
16.84
20.4
24.37
23.02
24.14
31.22
16.27
18.39
15.52
14.09
15.32
14.82
16.56
15.98
17.25
17.22
16
18.64
18.55
21.33
20.67
23.09
20.87
22.11
20.59
19.78
20.14
23.41
20.99
20.55
19.74
18.08
18.69
18.72
19.33
19.85
21.84
20.87
20.89
21.4
18.56
18.86
19.16
18.86
19.06
18.6
21.87
22.46
19.44
22.3
21.95
27.68
23.49
22.62
26.08
23.62
25.14
28.34
29.08
31.76
34.31
32.63
32.01
34.31
25.24
25.12
26.6
28.49
29.39
33.38
39.34
44.66
46.75
28.26
32.96
30.65
31.65
36.41
37.21
32.93
35.64
28
26.16
26.13
24.83
25.04
26.98
30.49
26.75
28.91
24.88
22.13
22.25
21.1
22.26
22.77
22.06
22.62
23.12
25.21
32.28
38.55
43.51
44.13
18.41
20.14
16.46
16.16
16.14
15.58
19.42
14.99
16.9
18.18
15.39
14.82
17.81
17.98
16.58
15.49
15.83
21.16
21.05
26.3
30.23
40.42
46.67
43.33
20.91
18.44
18.79
17.34
17.49
15.34
15.18
15.44
16.17
15.56
13.88
14.61
14.18
15.33
15.77
15.67
16.37
13.09
14.83
15.93
14.43
16.95
15.39
16.04
19.58
15.91
14.56
13.92
15.42
16.19
17.17
18.86
21.3
17.44
17.59
17.6
16.92
17.72
19.16
17.33
21.14
22.74
25.32
34.36
22.35
20.56
24.13
24.7
25.55
26.08
28.86
26.42
27.63
30.19
37.85
37.78
44.27
27.71
25.15
29.3
30.74
33.21
33.22
30.78
30.76
33.4
28.4
29.35
29.99
25
29.04
26.37
30.93
31.34
36.63
40.44
30.82
35.49
29.56
31.98
32.43
33.76
32.71
28.74
29.44
30.37
30.17
32.15
35.64
36.93
41.5
42.19
28.52
28.94
27
26.65
27.21
28.04
26.94
24.36
25.56
23.17
27.24
29.21
34.16
40.03
39.57
44.8
22.82
21.6
23.25
26.41
23.58
22.4
27.14
32.7
39.65
38.23
20.99
20.75
22.9
27.51
34.03
39.96
42.24
40.76
42.3
20.33
17.84
18.9
19.73
22.18
25.82
17.89
17.08
16.67
18
20.68
25.51
29.73
34.48
35.16
17
15.9
15.4
14.15
14.76
14.24
15.72
14.61
15.28
13.85
13.34
13.26
14.63
16.77
21.61
24.47
25.1
30.1
27.12
30.34
13.82
15.29
14.88
15.5
16.67
18.24
19.77
20.35
20.24
14.88
15.46
14.86
14.77
14.64
16.33
14.34
15.26
15.44
17.43
18.69
16.03
14.82
14.37
16.67
17.11
19.75
21.88
32.56
32.53
41.82
14.81
17.59
13.95
13.69
14.68
17.98
18.86
19.35
21.17
19.02
20.87
14.42
15.49
14.92
14.46
13.91
11.53
10.18
9.58
10.04
9.85
10.92
10.5
16.56
15.87
17.53
22.59
21.9
31.79
20.05
21.72
19.26
20.18
20.36
20.34
19.44
20.65
21.35
23.81
23.49
22.41
21.68
22.3
18.94
26.85
29.34
29.76
39.09
41.72
42.51
40.66
50.88
68.01
27.73
49.01
51.16
52.66
52.47
54.39
55.08
55.83
43.74
43.77
47.96
50.37
49.69
54.53
38.16
37.71
36.1
34.49
36.28
34.98
37.18
37.93
36.15
37.9
38.32
34.63
31.14
36.36
39.28
40.73
43.44
48.58
44.08
36.87
38.07
36.41
38.05
41.66
45.52
48.84
54.53
57.15
55.67
57.25
34.27
32.27
30.62
29.62
30.76
32.6
34.82
32.05
26.76
27.34
28.15
29.83
30.73
34.23
38.5
35.94
27.73
26.95
29.41
33.62
37.66
45.01
52.23
59.32
51.89
31.21
31.12
28.47
26.85
26.73
25.72
29.25
28.96
29.53
25.6
27.66
26.49
26.26
28.61
29.6
32.69
33.4
35.17
44.4
46.95
54.05
57.83
61.84
59.93
57.21
62.19
45.71
49.15
46.66
53.88
56.58
59.56
64.3
67.94
66.99
53.56
55.65
54.93
54.73
54.52
51.21
52.61
50.86
53.03
54.96
60.98
67.09
66.79
69.83
72.45
68.71
67.82
66.39
64.28
62.75
69.18
66.73
67.54
67.52
71.46
77.94
81.33
82.7
83.15
79.12
65.94
65.69
62.64
58.67
56.08
59.42
49.65
48.18
43.48
40.46
37.19
33.72
29.58
23.75
21.35
25.03
23.83
22.56
20.02
21.67
32.12
32.92
30.75
27.89
25.14
26.28
23.09
22.56
23.4
22.19
20.36
18.41
17.01
18.66
21.58
18.94
19.05
22.16
23.05
23.47
19.09
18.61
17.16
17.82
18.26
19.71
17.41
18.05
20.47
16.31
15.74
16.52
19.33
18.46
18.05
19.59
19.46
19.14
19.68
22.23
21.91
17.92
16.83
16.82
17.24
17.7
17.97
17.32
16.64
15.2
13.96
13.8
14.86
15.85
16.22
15.12
15.84
14.51
15.26
14.04
15.14
16.76
14.11
14.55
14.74
13.57
15.46
16.27
15.59
16.6
18.76
19.38
17.79
13.98
15.12
14.3
16.05
17.37
21.63
14.03
14.73
15.12
16.52
16.57
16.42
13.83
17.55
17.92
19.6
20.05
20.77
23.57
23.49
20.6
32.11
24.82
30.58
25.96
30.03
30.01
25.5
29.05
33.4
41.37
38.32
36.97
36.08
37.84
31.91
29.52
30.43
35.13
30.24
24.52
20.69
22.8
21.64
22.18
26.28
29.49
35.36
42.59
47.79
45.91
18.34
18.18
17.73
16.55
17.49
19.65
20.35
21.9
16.14
15.53
16.56
14.54
14.49
13.4
15.86
15.06
14.34
14.11
13.38
13.84
13.94
14.21
14.16
11.9
11.98
12.41
13.16
13.12
13.78
12.51
14
11.41
11.37
11.46
13.07
10.6
12.12
11.76
11.29
12.61
14.49
12.7
11.38
12.12
10.5
11.83
11.5
11.97
11.74
13.19
15.4
13.27
11.25
13.12
12.54
12.36
12.34
11.22
11.76
13.2
13.7
14.42
15.84
16.25
17.47
20.9
21.08
24.21
16.37
13.86
13.89
15.01
14.85
18.26
20.65
16.56
14.46
14.28
13.99
14.94
15.87
15.92
15.72
14.21
16.21
15.77
17.76
16.1
15.65
16.44
16.47
17.7
20.96
25.31
27.13
29.3
19.51
18.64
16.71
17.19
14.74
15.02
17.59
19.48
16.11
16.76
17.43
18.86
21.14
22.41
23.81
21.73
23.75
14.49
15.93
15.79
14.84
16.85
17.5
18.66
21.4
21.78
19.02
20.57
19.85
17.97
17.49
18.37
16.52
16.57
18.1
16.77
17.22
18.62
17.27
19.47
18.83
21.55
20.74
20.8
26.22
23.56
23.93
25.54
29.05
34.86
41.39
36.56
24.01
26.88
23.2
19.61
19.25
19.07
23.52
20.34
22.69
23.93
26.5
26.49
29.23
29.65
30.75
35.3
37.56
38.68
42.84
31.92
33.14
30.05
31.59
34.94
38.26
39.6
43.96
32.54
37
29.64
27.65
26.05
29.05
24.51
22.6
22.11
23.78
25.46
22.73
21.19
21.93
25.32
29.29
27.37
20.59
20.81
18.25
17.26
18.17
17.82
17.58
16.17
16.45
15.23
15.71
17.15
16.67
19.99
17.5
14.84
15.49
14.16
14.48
16.32
17.36
16.85
13.64
14.53
12.81
11.86
12.11
11.99
12.5
13.15
13.31
14.44
12.72
10.72
12.4
11.74
11.64
11.25
10.95
11.66
11.05
10.7
12.1
10.42
9.79
9.52
10.54
10.19
10.13
9.3
11.33
10.75
11.08
10.65
10.92
11.87
10.67
11.58
11.3
11.3
13.3
11.84
13.26
13.19
13.02
14.05
13.13
13.23
13.03
13.76
14.1
15.47
16.79
17.21
18.78
17.57
17.12
20.35
15.4
18.91
16.56
16.91
18.8
19.62
24.85
27.39
25.03
16.99
18.17
16.76
18.63
18.91
20.72
18.82
18.83
20.27
19.33
20.75
22.65
22.87
21.15
19.97
19.51
19.95
18.16
18.17
19.75
20.24
23.15
24.26
25.61
24.15
21.29
17.78
19.18
16.88
16.75
16.02
18.09
16.63
15.17
17.32
15.92
17.19
17.39
18.19
17.45
17.06
16.13
17.72
18.87
17.75
17.58
16.95
15.94
15.73
16.03
15.27
16.36
17.63
17.75
19.52
22.35
28.81
21.32
19.9
20.24
18.7
21.13
21.27
29.45
34.55
38.95
45.24
44.36
51.64
19.56
19.51
16.95
17.71
16.09
18.15
18.05
21.33
29.93
26.03
14.73
16.61
15.3
15.58
14.57
16.38
13.19
16.13
15.9
20.02
18.83
21.32
23.54
28.04
27.32
22.7
21.81
22.33
23.18
23.91
28.97
25.1
30.89
21.76
23.35
19.47
18.73
18.97
19.1
19.93
19.02
18.21
17.74
18.79
18.25
18.69
18.39
19.04
19.9
23.11
24.38
26.43
25.4
23.36
24.58
24.8
26.11
28.64
32.24
24.74
27.36
28.33
30.57
33.03
30.57
35.27
32.11
32.99
32.95
35.94
33.71
32.63
28.08
33.34
35.71
37.75
41.52
44.19
49.52
34.93
33.27
34.28
35.44
38.48
44.96
51.1
48.85
31.69
32.57
31.83
27.13
27.11
30.69
28.88
37.89
21.86
18.9
20.83
18.39
20.9
16.59
16.24
15.12
15.22
14.85
15.26
15.26
16.24
15.35
15.22
18.3
20.71
27.46
30.81
31.55
15.34
15.47
16.47
17.47
21.09
24.78
31.47
31.69
34.39
35.54
31.93
31
16.06
15.62
15.51
14.19
13.91
14.9
14.75
15.02
15.68
14.46
16.93
14.11
13.56
13.89
13.36
13.31
12.99
14.03
15.46
16.95
17.42
17.38
14.19
14.38
15.17
17.47
20.81
25.12
30.4
35.47
42.55
18.71
18.03
16.22
18.39
17.99
19.59
23.62
24.78
28.42
18.15
19.48
14.36
14.48
14.58
14.46
13.91
14.36
15.88
16.15
16.17
16.82
18.6
17.93
18.42
19.06
17.03
19.37
18.31
19.43
20.02
21.91
24.08
20.43
20.06
19.57
20.71
21.67
19.6
19.29
18.44
16.62
14.65
16.85
21.71
25.27
21.89
23.65
24.12
26.03
24.4
25.49
25.49
29.46
23.65
27.63
28.72
32.6
35.46
38.09
36.65
33.55
27.85
27.39
22.45
23.88
22.42
24.04
22.63
27.46
23.79
23.05
22.77
26.15
29.28
33.14
36.42
44.17
43.19
46.87
48.73
25.97
25.98
22.79
21.99
22.01
20.96
19.34
19.43
20.98
18.15
19.17
18.54
19.53
17.82
18.18
16.91
16.47
17.82
20.51
20.96
20.67
19.26
15.67
15.56
14.25
14.53
14.9
15.96
16.42
18.57
20.92
22.17
22.65
15.62
13.04
14.13
13.04
12.7
12.79
13.66
12.76
12.46
11.74
13.12
13.66
11.7
10.68
10.48
12.03
10.89
11.06
11.44
11.79
13.21
13.31
15.29
17.25
19.85
10.35
11.12
10.43
10.16
10.68
11.57
11.17
12.25
12.94
11.6
13.41
11.25
11.07
11.29
11.5
12.59
14.59
14.87
15.31
12.56
11.85
11.66
12.29
11.41
13.55
14.26
14.71
10.55
10.76
12.09
13.19
13.53
17.28
12.38
14.89
12.33
13.18
12.53
11.92
12.8
13.2
13.4
12.62
11.99
13.12
11.9
10.91
11.53
9.89
11.47
14.06
11.4
11.84
14.78
14.04
14.18
15.78
13.93
14.1
15.19
16.41
16.67
15.27
16.3
16.03
16.93
19.56
19.26
21.15
25.41
29.45
31.03
31.8
21.05
18.89
21.96
22.8
24.27
24.91
28.85
26.03
23.19
21.51
24.27
27.73
27.37
26.05
27.16
28.66
29.12
29.42
31.72
34.91
34.99
31.2
43.6
32.76
33.43
27.63
27.63
24.87
27.4
25.13
23.62
25.1
26.62
26.57
28.76
31.88
35.31
32.99
23.32
20.67
20.89
19.16
19.42
19.19
21.65
21.97
18.93
20.81
19.4
20.57
19.67
21.09
18.8
17.01
16.95
17.41
17.97
17.8
17.05
17.78
17.45
19.46
17.47
18.85
21.55
24.09
18.54
20.5
19.34
21.51
25.3
24.31
26.21
28.62
34.92
35.9
39.19
44.15
49.74
47.91
48.87
50.92
38.65
35.49
39.7
42.94
46.89
46.85
48.76
46.06
40.99
48.09
50.55
50.77
53.43
52.07
48.14
60.88
46.62
49
47.37
48.35
48.5
47.73
49.89
49.09
52.56
55.99
58.93
55.37
58.68
60.22
61.77
48.76
47.87
49.31
48.84
51.13
48.06
46.98
46.64
48.92
51.31
62.95
43.65
39.53
37.54
35.94
24.5
34.06
36.25
34.21
31.43
30.22
27.31
27.1
30.44
28.45
28.26
26.07
28.66
23.88
23.01
24.46
23.04
24.23
20.76
21.34
21.61
22.62
22.11
22.59
21
21.86
26.61
25.36
29.66
27.05
26.75
25.8
24.66
28.82
26.03
26.11
31.36
40.58
30.9
26.58
26.54
23.89
24.26
24.81
21.48
18.63
20.9
21.96
23.42
22.67
25.04
24.19
24.74
25.27
30.76
24.63
22.49
25.35
26.08
28.48
28.1
29.19
24.65
20.64
24.19
24.37
29.62
36.46
39.7
39.16
24.46
20.35
22.5
21.83
22.06
21.62
19.08
21.62
18.93
19.62
20.76
25.43
26.58
31.17
18.24
18.61
18.01
18.1
22.75
26.3
32.22
34.16
29.78
30.87
17.32
17.25
16.2
16.34
19.96
24.54
25.13
27.51
14.23
12.67
12.61
13.64
14.43
14.93
14.36
14.23
13.27
13.18
14.5
13.18
13.48
13.51
13.73
14.19
13.11
14.83
15.53
13.86
16.96
13.62
13.62
14.66
17.49
22.38
22.82
30.69
11.42
11.32
10.46
9.98
9.66
10.55
10.78
10.27
11.61
10.21
11.65
12.28
12.96
12.97
13.32
14.49
16.17
21.56
24.35
24.46
14.35
13.25
13.16
14.48
14.33
17.69
17.05
18.11
13.12
15.38
11.2
11.71
11.14
9.97
11.17
11.53
12.14
11.69
12.66
15.3
15.46
18.25
23.04
24.44
24.79
28.52
23.71
15.68
15.72
17.61
17.86
21.31
26.57
17.02
17.81
14.55
16.03
16.12
16.41
17.9
18.68
15.71
18.87
14.76
16.08
16.09
16.79
17.07
17.46
18.57
18.07
21.1
22.15
24.75
26.5
27.32
30.07
23.34
22.55
20.03
22.35
24.88
30.01
33.49
37.37
45.58
21.61
22.32
17.49
16.91
19.46
17.27
20.23
19.07
20.19
19.44
17.93
16.56
18.23
17.33
19.86
22.05
25.21
27.23
28.94
20.36
17.86
20.34
18.88
19.44
20.15
19.13
18.94
18.25
18.6
17.65
19.05
19.39
21.06
16.58
17.17
14.87
16.2
18.76
19.92
19.43
22.06
15.42
14.05
13.8
12.87
13.33
13.15
14.86
13.13
13.53
13.46
12.92
14.08
14.47
14.57
13.65
14.24
12.62
12.18
12.51
12.16
13.13
12.66
13.86
11.82
13.79
14.1
15.45
14.66
12.88
15.02
14.59
14.6
14.38
15.03
12.52
12.28
13.38
12.72
14.21
14.67
13.62
15.62
15.47
16.13
18.03
15.59
12.45
16.46
17.89
18.03
19.38
18.08
18.09
20.76
24.25
29.42
30.81
38.2
16.22
16.98
15.25
14.52
14.35
14.79
15.26
16.62
15.95
15.61
15.22
13.68
14.44
15.99
16.88
17.59
15.74
14.95
14
14.02
14.21
13.72
14.74
13.82
13.89
14.98
12.64
12.71
11.99
11.42
13.45
13.29
15.48
11.03
11.83
12.15
13.37
14.08
16.2
19.71
22.22
20.86
12.12
12.08
9.86
12.27
14.02
12.02
12.88
10.65
10.42
10.73
10.69
12.16
10.78
11.65
10.3
10.37
10.64
12.41
12.88
14.78
16.46
16.5
17
10.86
11.2
11.7
12.76
13.13
15.32
18.31
19.77
12.91
12.64
11.25
11.77
10.91
11.48
12.91
10.92
11.98
12.12
11.66
11.06
12.25
13.45
14.35
15.67
16.3
17.32
13.85
15.6
13.25
14.73
15.9
19.46
26.44
27.73
27.12
24.52
26.31
14.39
13.19
13.49
13.55
13.24
14.39
15.06
12.23
12.62
11.95
13.34
12.13
12.08
13.28
12.08
13.95
16.76
16.63
21.08
19.33
20.32
19.4
15.39
18.73
14.5
15.66
18.15
21.97
24.76
33.01
25.97
15.12
17.91
14.87
15.28
17.97
19.33
20.71
20.99
22.89
15.25
15.32
14.79
16.07
17.54
16.82
20.02
20.09
17.33
17.72
13.07
16.04
17.15
19.09
19.38
16.47
16.23
16.53
16.71
18.51
18.77
18.34
14.78
16.1
13.45
12.97
13.65
14.5
13.59
13.62
13.27
12.62
13.77
13.79
15.67
17.22
20.02
21.19
21.01
19.83
12.6
12.78
13.62
13.46
13.47
13.87
14.55
12.43
14.49
13.9
13.75
13.32
14.21
13.84
12.92
13.2
12.97
12.08
13.87
14.72
13.33
12.47
12.32
12
13.61
15.65
18.33
19.65
20.33
23.32
23.9
15.01
16.45
13.56
14.9
14.39
16.41
16.73
20.51
17.61
17.02
16.37
18
19.06
22.19
22.65
23.32
20.26
20.35
20.77
21.53
22.37
22.72
22.18
23.03
22.04
19.14
20.01
19.61
21.11
21.03
26.84
25.25
28.15
22.41
23.23
18.49
17.83
17.52
18
18.46
21.65
19.51
20.05
22.33
23.5
23.88
23.83
23.14
22.4
21.6
24.48
25.07
25.38
28.49
29.34
27.59
27.59
26.14
22.71
21.63
20.21
23.51
24.23
25.25
28.7
31.04
35.19
21.26
25.84
24.14
27.55
29.92
28.55
26.16
26.26
28.73
29.33
31.55
32.25
29.82
30.65
31.28
29.15
32.03
24.71
21.61
21.33
22.23
20.29
22.69
21.82
21.69
26.69
30.07
38.82
45.31
54.09
54.75
23.33
21.38
22.47
20.67
20.97
22.24
24.26
22.84
19.9
19.71
17.47
17.49
18.71
18.75
16.85
19.21
17.32
19.51
23.73
25.71
33.4
37.9
42.83
38.92
21.8
22.75
20.65
20.57
19.67
18.32
15.44
14.44
14.92
13.62
13.66
14.95
13.95
15.09
14.67
15.32
17.43
14.69
15.63
16.89
16.46
19.15
18.3
18.19
20.28
17.57
16.05
16.69
15.95
16.39
17.49
21.43
23.53
19.48
15.93
18.95
15.71
16.53
19.76
19.16
21.12
23.61
28.09
34.28
22.98
22.22
23.04
22.89
25.1
25.22
24.24
23.53
26.34
26.31
31.02
35.06
29.39
28.03
25.99
28.81
30.28
31.54
33.2
31.55
33.84
32.01
33.16
31.52
29.74
27
33.14
33.76
36.06
38.04
39.59
44.62
39.89
45.03
39.52
40.17
39.53
39.4
38.73
37.12
43.56
38.97
41.18
43.21
48.23
49.6
51.33
56.82
42.03
38.56
41.81
40.12
41.87
40.81
42.04
37.76
40.64
38
41.27
48.87
55.4
58.97
56.86
64
43.82
40.64
39.41
39.13
34.93
31.75
39.41
42.25
56.71
38.4
33.73
33.22
34.38
35.19
37.44
40.68
38.84
38.03
36.14
34.2
30.25
35.71
34.68
36.36
41.81
31.31
32.16
29.03
30.21
31.52
37.29
40.35
44.24
35.48
29.19
28.37
27.69
24.79
22.48
20.99
20.3
20.09
20.66
24.76
25.74
24.26
25.96
28.25
29.08
28.15
30.17
35.31
33.25
32.67
25.48
25.56
26.28
28.13
29.61
31.27
31.84
34.89
40.09
29.35
28.23
26.22
24.74
24.47
24.33
23.49
22.58
23.33
23.2
21.43
20.88
24.05
22.16
25.51
28.06
29.64
34.81
38.86
41.57
46.55
26.37
29.5
23.88
23.66
24.97
27.23
30.61
33.9
35.38
32.61
34.86
22.24
22.72
20.86
19.6
20.49
17.69
16.13
15.71
15.95
16.98
18.14
17.71
22.21
21
26.74
29.78
28.85
36.03
28.59
29.45
30.21
26.98
28.27
28.18
29.12
23.1
26.35
29.96
28.29
28.13
27.4
29.5
23.87
35.07
34.45
41.8
45.55
44.68
37.4
50.74
62.6
78.66
78.38
33.78
33.74
32.49
31.02
31.32
35.72
31.9
29.78
32.3
37
37.96
41.31
42.53
45.23
44.47
41.8
44.72
38.84
35.49
41.14
42.56
45.09
43.72
53.13
45.87
41.89
45.93
42.93
46.52
51.28
52.42
54.78
61.89
65.61
71.2
58.08
44.66
41.55
41.75
40.73
39.67
39.98
37.83
37.91
40.64
37.19
38.99
43.07
42.45
44.66
41.82
47.68
41.01
38.05
41
47.88
51
58.15
57.64
63.54
54.27
43.49
45.77
43.48
39.09
39.97
38.27
37.21
38.78
35.99
35.65
37.19
37.11
36.71
39.62
40.32
44.25
40.52
45.7
49.57
55.45
57.33
61.22
62.03
62.41
60.57
66.79
48.48
49.2
50.95
51.38
56.91
56.16
58.72
55.85
55.88
53.92
54.12
53.85
50.2
50.2
46.9
48.36
42.82
50.44
49.8
52
59.09
59.49
67.35
74.3
71.09
70.35
69.56
69.67
72.52
74.48
71.68
71.58
71.57
73.42
71.83
73.56
71.38
72.43
69.7
68.02
67.62
62.84
60.25
59.97
58.16
52.4
50.74
44.03
45.34
37.22
33.44
34.77
31.25
31.57
30.85
28.67
26.66
28.48
31.74
29.1
30.68
30.74
26.85
26.41
27.76
23.43
20.03
19.98
21.71
17.04
18.93
19.42
18.23
20.78
17.67
18.21
20.88
23.01
18.12
18.53
17.59
16.66
16.58
18.38
18.13
19.48
18.51
18.33
17.34
16.23
17.32
18.32
20.3
19.96
20.07
18.59
17.95
16.71
17.53
19.76
16.85
15.42
16.56
15.38
16.3
16.75
15.59
14.55
15.01
13.67
13.8
16.21
15.96
17.13
15.29
15.83
15.03
14.93
15.22
14.56
16.06
14.55
15.48
14.8
15.44
13.96
13.59
14.6
16.3
18.02
19.52
19.34
15.82
14.93
17.64
17.21
20.17
24.19
15.91
15.73
16.97
15.84
16.87
16.84
15.98
17.3
18.99
22.26
20.05
25.74
27.95
26.24
24.45
37.39
27.5
33.12
30.64
48.75
46.02
46.81
54.07
51.2
40.2
33.9
35.74
33.74
32.48
34.75
36.58
40.26
45.03
46.29
44.59
27.71
27.81
30.97
31.13
33.63
34.7
34.88
36.02
26.68
26.86
26.42
23.83
23.72
23.31
22.55
24.26
17.57
21.62
19.41
17.19
20.88
17.82
18.04
16.29
16.31
15.97
15.88
16.91
16.08
14.12
17.27
12.93
12.64
13.3
16.24
13.54
13.43
12.68
13.44
14.09
15.31
14.31
13.45
15.81
12.16
12.69
12.43
12.48
12.61
11.84
14.11
15.24
13.94
14.56
14.22
16.44
17.19
17.77
19.77
18.19
14.43
17.06
16.24
17.89
17.61
19.92
22.94
26.55
18.17
19.78
17.27
17.23
17.05
20.2
20.3
18.14
15.67
16.05
14.05
17.43
16.88
19.08
17.64
17.39
20.53
19.98
21.06
21.44
20.62
21.99
20.35
21.59
26.75
33.03
35.86
38.26
22.02
20.1
18.8
18.66
16.4
17.17
18.7
20.13
17.21
18.24
19.89
21.15
23.29
25.5
25.42
24.54
24.76
19.24
21.44
21.04
23.67
26.91
29.24
26.16
28.83
27.33
26.2
31.27
26.07
26.39
27.67
30.02
26.28
26.09
25.86
27.34
26.88
27.36
25.16
27.78
29.97
31.23
32.17
33.67
36.95
39.55
39.63
42.04
44.26
45.25
49.26
42.35
39.89
38.17
40.19
39.09
39.97
37.54
43.25
39.75
38.62
38.01
44.22
39.67
46.13
47.01
49.86
52.59
52.96
57.6
44.68
47.83
49.76
44.79
45.81
48.61
51.5
53.22
55.24
45.06
51.23
45.62
42.64
44.71
44.14
40.45
39.77
40.03
35.54
34.68
35.47
34.13
36.87
38.41
45.55
46.25
30.81
28.75
31.54
32.58
34.6
34.36
36.78
29.8
28.04
27.49
24.45
26.14
26.63
26.03
27.84
18.95
22.93
19.96
18.44
20.88
20.36
22.03
17.62
22.25
19.64
17.23
17.5
18.32
20.5
16.87
18.6
17.6
18.81
21.49
17.85
17.02
16.15
15.47
16.44
16.8
13.78
15.4
18.32
12.67
12.64
12.25
12.38
13.15
13.2
12.84
13.08
13.14
12.8
12.42
13.94
14.24
14.94
11.74
12.94
14.17
15.15
14
16.52
16.06
16.9
17.96
18.38
17.02
17.2
16.84
19.41
22.86
25.19
24.82
23.76
26.51
24.98
25.11
23.72
23.65
24
27.11
27.52
29.66
31.59
32.19
29.84
25.04
25.97
27.71
28.75
29.11
32
30.63
30.5
31.83
27.74
29.22
28.93
30.53
30.18
29.09
28.68
26.95
25.52
24.78
25.78
25.86
27.67
32.65
37.85
28.66
24.63
27.18
26.22
21.87
23.06
21.48
22.74
20.84
21.38
24.92
24.39
25.85
26.58
25.12
23.84
25.28
24.24
22.45
22
21.48
22.32
22.8
21
18.94
20.23
20.02
23.17
24.78
26.66
27.6
28.4
31.28
26.45
26.31
27.9
30.88
31.28
41.24
49.19
58.45
67.24
73.61
75.22
73.82
30.3
29.28
26.7
25.02
23.09
24.13
23.68
25.75
33.93
27.79
24.08
23.6
22.29
21.9
21.82
23.97
21.16
24.05
25.31
24.89
29.72
35.64
37.3
36.13
42.41
35.86
36.02
36.52
33.18
32.93
35.31
34.31
39.93
32.58
32.1
28.56
27.75
30.85
27.24
26.46
27.33
24.81
27.06
28.92
23.63
26.08
24.93
29.56
31.61
35.3
35.42
35.96
39.07
33.41
34.36
32.79
32.82
32.11
34.57
33.68
38.46
42.11
40.51
40.8
36.95
36.81
40.83
35.95
36.37
37.09
37.9
38.62
28.64
35.37
37.46
39.62
42.51
33.92
43.78
38.02
39.92
39.75
40.98
45.87
47.69
54.55
57.77
39.29
37.62
37.72
37.24
39.66
41.96
39.05
45.86
31.2
28.89
30.9
26.91
28.79
25.84
22.97
22.61
22.92
21.8
22.77
22
23.54
20.5
23.07
24.98
26.04
34.76
35.89
37.48
21.95
25.88
23.82
22.98
25.63
30.74
32.57
36.36
38.6
33.71
35.15
33.24
24.36
22.67
21.12
20.58
18.77
18.46
19.02
17.82
18.87
19.03
18.87
19.74
22.51
20.69
17.73
19.13
18.61
21.66
22.13
27.88
27.58
27.12
20.59
20.8
21.35
24.2
27.39
28.46
32.01
36.05
37.89
24.42
27.35
24.48
23.09
23.51
24.45
31.39
31.3
29.21
24.25
23.47
21.3
19.79
19.65
19
18.9
20.9
22.56
24.77
21.83
23.79
22.71
24.27
25.54
25.07
19.57
24.18
23.26
22.3
22.12
23.47
23.95
22.14
21.04
21.1
20.8
23.9
22.63
20.24
24.58
20.25
19.31
20.73
24.12
27.16
25.33
26.63
27.12
27.61
24.29
26.86
28.18
29.83
28.52
27.95
29.26
32.23
31.52
32.34
33.06
33.07
28.83
30.73
28.02
28.85
30.95
29.94
30.27
30.73
27.64
29.04
32.21
30.92
36.38
37.48
41.77
39.36
50.86
50.22
53.38
30.07
26.33
26.14
25.35
26.19
24.84
29.3
19.7
21.94
20.14
22.45
21.45
27.27
24.58
23.79
22.98
23.82
30.91
29.98
30.92
33.53
29.28
24.86
21.55
20.06
20.2
20.23
23.39
25.93
30.94
31.98
35.46
31.43
22.25
21.67
19.7
17.91
18.93
19.87
21.31
19
21.05
21.25
19.46
17.81
18.07
17.55
14.86
14.17
16.02
16.21
16.85
17.39
19.41
18.92
18.55
19.51
22.52
15.23
13.92
12.53
12.35
12.45
13.01
12.01
14.48
15.17
11.41
12.68
13.73
12.65
13.78
15.45
19.29
18.34
21.61
21.96
14.3
13.89
16.8
15.48
15.94
17.02
18.63
15.79
15.71
15.59
15.36
15.31
16.41
17.37
15.84
17.26
17.09
17.84
17.82
17.15
19.35
18.8
18.8
19.93
15.76
17.53
15.83
17.38
18.76
21.09
19.8
21.94
20.28
17.26
17.91
17.31
19.37
20.95
20.09
19.37
18.04
18.17
17.97
16.8
18.51
21.3
19.23
23.51
25.99
30.09
32.58
35.76
34.81
34.92
27.17
27.11
26.3
28.12
29.28
28.05
27.79
29.55
30.75
32.85
34.18
32.4
32.28
32.21
32.08
34.42
38.82
35.45
38.31
41.64
45.7
50.3
56.39
37.41
38.3
34.09
34.2
34.72
34.27
35.3
35.28
38.54
39.67
44.63
38.91
46.46
44.74
54.74
34.57
31.04
28.61
25.83
24.84
26.33
26.83
24.06
25.75
25.1
26.88
28.47
30.16
26.89
24.19
22.33
21.73
20.13
20.69
20.53
17.37
19.77
20.05
23
20.13
22.32
25.57
25.4
22.39
22.01
23.53
26.45
28.76
30.49
33.97
30.35
36.24
39.81
38.68
41.42
42.28
43.56
44.22
42.81
42.15
41.57
46.04
50.46
51.27
49.75
49.52
53.86
62.65
55.86
59.81
60.62
62.37
59.79
59.19
53.84
58.6
57.41
61.51
63.54
62.65
64.47
63.34
63.59
64.86
71.36
73.62
76.96
81.74
79.62
77.83
61.48
56.31
56.22
54.53
51.15
54.13
55.98
55.33
52.92
51.41
50.11
49.38
49.3
53.73
57.74
63.43
65.29
63.76
43.64
39.18
40.82
38.81
39.16
46.51
49.73
49.53
34.21
36.55
31.63
33.92
33.41
31.94
32.47
28.74
27.01
27.25
24.98
28.25
27.55
29.33
27.11
28.19
27.71
28.35
31.05
26.79
33.2
29.23
31.54
36.26
38.98
41.99
49.25
49.56
33.87
32.65
30.13
28.27
29.27
27.56
27.18
31.06
28.13
29.68
25.44
28.71
28.35
31.79
33.89
38.15
30.78
28.13
32.52
31.82
36.03
37.97
35.05
29.56
30.52
32.75
30.69
35.63
39.19
45.7
45.16
28.37
24.46
28.57
27.68
28.67
29.66
24.39
24.03
24.55
23.85
23.48
26.95
27.14
29.27
25.16
21.47
24
24.17
26.93
30.25
32.71
32.15
31.52
33.53
22.18
19.21
20.52
19.8
22.52
27.65
27.63
28.36
17.94
16.66
16.95
16.95
17.67
18.34
18.75
18.33
15.26
14.69
14.84
15.75
14.57
14.51
16.03
15.9
16.15
16.49
16.77
17.96
17.21
15.43
16.21
17.71
21.61
28.36
35.38
37.89
14.62
15.4
13.4
13.24
12.01
11.84
13.53
13.73
16.75
15.53
17.18
18.67
18.41
19.25
19.83
20.01
22.6
24.28
32.44
31.9
20.98
21.61
17.66
18.67
18.89
18.42
22.28
19.01
19.75
21.41
18.73
17.32
17.34
15.09
17.44
12.29
20.2
21.11
21.44
24.65
25.46
28.38
29.84
33.5
29.32
29.73
26.41
28.56
27.28
27.85
29.97
29.67
31.59
31.59
31.38
29.78
27.48
27.16
28.32
27.95
30.06
29.48
30.79
25.8
27.52
25.02
23.67
26.84
22.32
31.87
29.18
33.07
35.44
38.64
40.91
44.16
48.51
37.32
44.4
35.24
38.08
42.96
47.3
54.13
61.16
56.04
39.19
36.99
37.19
35.99
34.41
32.46
33.93
35.86
34.47
33.44
35.36
36.57
33.31
35.17
37.11
39.67
44.02
43.92
46.3
38.03
35.53
33.29
31.19
28.13
27.19
30.37
30.49
34.33
30.31
32.44
32.12
35.45
39.85
29.33
29.79
29.29
27.44
27.09
26.41
25.84
30.94
24
26.12
23.46
19.17
19.24
19
21.63
16.47
20.28
17.73
16.94
18.72
19.89
20.54
16.44
16.4
15.49
15.16
16.04
14.37
16.73
15.17
15.32
14.56
14.63
13.88
16.46
14.21
14.29
12.9
13.94
14.93
13.99
12.74
12.45
12.04
13.41
13
14.48
15.21
15.91
15.98
17.08
16.33
17.45
15.94
14.98
16.7
17.83
16.71
18.93
16.66
16.18
19.71
22.24
30.11
35.48
33.51
14.99
16.59
14.38
14.06
13.06
14.69
16.75
13.13
16.05
12.6
13.46
14.37
14.03
14.33
16.66
14.16
14.87
14.04
13.74
12.64
12.22
12.06
13.63
12.9
13.94
12.25
11.29
11.13
11.56
12.41
13.8
13.81
16.61
11.68
10.96
11.58
12.36
13.51
14.92
16.37
19.87
20.29
11.56
12.32
10.76
11.15
11.62
11.85
12.88
11.45
10.65
11.42
11.43
11.06
11.47
12.02
11.36
11.72
12.29
13.04
13.31
14.18
14.02
14.84
15.7
12.7
13.07
12.33
13.42
14.09
17.42
16.47
17.97
13.41
13.83
11.76
13.05
13.22
15.36
15.86
13.6
15.43
14.84
16.6
17.36
15.02
16.04
15.54
16.65
17.29
16.8
16.66
16.35
15.8
16.95
17.83
19.14
25.81
29.48
24.91
22.19
23.88
17.53
20.93
19.27
21.42
21.47
24.12
22.56
21.88
22.95
22.02
18.73
22.18
24.8
26.77
22.25
23.62
24.98
26.44
22.42
24.87
25.71
24.25
27.94
25.29
24.87
25.68
26.91
31.23
37.11
36.81
47.28
25.86
30.94
28.5
27.91
29.74
30.91
30.7
35.06
35.19
29.62
31.27
29.59
33.76
36.34
32.24
32.68
35.72
35.99
34.04
32.07
31.49
35.74
37.73
36
32.12
30.95
30.18
27.31
28.18
30.15
29.06
23.7
23.93
21.04
21.77
20.84
22.23
21.85
17.86
20.4
17.82
17.48
18.91
22.35
23.18
26.25
27.47
28.32
27.06
18.16
18.29
17.15
15.14
15.5
14.36
15.28
15.31
15.92
17.58
15.58
15.46
14.74
14.88
15.67
14.6
16.13
14
14.9
15.43
15.6
15.4
14.99
15.01
17.92
18.58
21.48
23.32
24.75
25.08
25.04
18.38
18.37
16.6
16.71
15.84
18.3
17.64
20.15
18.48
16.52
17.66
17.93
18.19
20.08
21.35
22.96
19.36
20.39
18.97
19.54
19.37
20.21
20.76
18.6
16.09
18.64
16.92
17.28
18.82
20.63
23.13
20.01
22.52
20.66
21.31
15.81
17.2
17.79
16.19
17.81
17.33
16.47
17.65
20
22.56
26
25.28
18.48
19.9
19.76
20.54
21.29
23.77
28.03
29.45
26.93
25.07
26
21.94
22.78
23.29
26.33
28.48
33.24
34.73
38.81
42.28
27.15
30.24
32.43
33.73
36.73
36.33
35.69
42.58
27.76
25.42
24.7
25.8
25.02
22.7
25.92
21.72
22.55
20.42
19.29
20.35
21.24
21.13
19.9
20.57
20.78
22.04
22.51
25.37
29.2
34.95
31.48
20.46
20.27
19.2
17.87
19.01
20.56
22.32
19.02
16.89
17.54
17.27
18.67
19.76
20.51
18.26
19.86
18.64
22.19
23.44
27.02
34.57
39.55
51.95
45.47
17.86
21.53
16.53
17.49
17.9
19.98
16.36
16
14.94
16.17
16.66
15.96
17.88
17.58
17.27
16.63
14.69
15.82
17.36
19.82
19.07
22.32
21.22
20.19
21.01
17.28
16
16.88
17.34
16.81
18.21
17.65
20.96
18.19
17.52
19.35
22.16
23.64
24.6
24.68
29.01
28.91
32.33
38.09
26.15
30.44
26.01
25.5
28.62
30.38
34.08
31.01
34.51
33.12
39.73
39.54
35.22
33.38
28.62
32.76
33.56
31.56
31.72
31.34
33.17
36.01
29.27
28.95
28.57
27.42
30.41
27.81
32.41
33.58
38.16
44.95
31.29
33.38
31.07
31.96
32.04
31.73
32.91
29.6
32.22
32.41
32.38
35.31
37.66
42.67
43.9
45.91
29.36
28.12
25.13
25.4
26.33
25.1
23.84
25.62
28.33
28.56
34.74
35.1
45.6
49.98
52.36
52.5
34.31
36.19
35.43
34.19
34
31.05
38.14
42.26
52.29
53.48
27.97
27.83
29.91
32.26
36.83
38.26
43.83
44.16
47.09
28.78
29.49
27.11
24.97
28.58
32.57
22.44
22.94
23.71
28.7
29.34
35.34
43.39
48.02
44.66
29.11
25.43
28.35
24.71
27.54
23.67
23.72
25.44
26.91
28.38
27.07
21.88
25.88
27.92
32.26
33.86
36.14
39.07
35.79
37.31
24.54
26.84
27.31
26.61
25.82
28.77
29.03
29.23
34.94
26.9
29.02
26.44
26.63
24.09
29.27
26.39
26.88
28.15
25.04
25.82
24.73
30.52
26.96
29.86
30.4
34.16
36.57
43.1
42.81
46.53
29.37
28.96
25.03
29.03
26.94
30.6
30.02
33.18
32.95
29.18
32.39
28.65
27.86
26.88
23.43
22.79
16.09
17.07
17.01
18.65
18.71
15.93
19.91
25.59
27.1
30.77
32.08
35.4
36.86
31.22
30.74
31.43
32.6
33.5
35.76
27.71
34.63
34.43
37.63
36.48
35.62
34.14
35.52
32.73
45.27
37.43
48.17
52.18
52.67
51.19
57.3
61.74
72.89
65.49
56.29
57.04
60.23
61.01
59.91
55.17
45.75
64.7
60.52
64.77
68.85
70.44
66.07
50.82
48.83
47.22
45.79
47.15
49.13
50.16
46.65
49.9
50.62
52.18
44.03
38.15
45.4
46.95
52.52
53.87
53.52
48.63
43.41
46.99
44.71
41.76
43.29
43.98
45.09
38.05
40
48.88
30.21
39.98
35.25
35.41
32.78
31.78
33.07
31.1
31.92
31.6
29.74
28.14
34.44
33.78
38.59
41.57
44.81
30.33
31.59
33.62
37.39
42.26
45.15
46.6
47
55.39
35.34
36.14
32.71
29.13
29.92
30.29
27.67
30.97
29.07
31.5
30.61
30.29
28.04
30.85
28.83
31.34
31.46
34.73
39.13
42.36
43.81
44.78
46.55
47.82
48.18
41.67
39.57
39.82
37.27
44.29
43.51
46.35
47.36
55.19
52.36
45.37
47.79
49.13
49.73
50.62
49.7
50.04
45.9
54.82
53.72
59.59
64.91
64.5
62.53
64.34
64.16
66.9
66.25
62.16
63.08
73.84
69.57
77.81
73.3
73.69
83.27
83.7
85.28
83.32
82.91
74.32
66.42
73.05
69.77
68.47
66.88
63.65
56.28
49.93
47.32
41.36
33.9
31.8
27.56
25.33
27.55
25.77
27.36
24.76
27.99
34.62
31.47
34.86
31.14
26.64
24.66
25.25
24.33
23.59
23.9
18.85
20.92
24.06
21.99
24.32
21.12
22.83
23.05
24.19
23.46
22.13
21.79
21.57
19.89
20.99
21.96
21.51
19.22
19.21
18.08
19.56
18.55
18.41
19.4
18.02
17.87
17.47
18.06
19.12
19.57
20.33
19.66
18.63
19.68
20.3
22.13
23.35
20.56
19.61
19.71
17.89
16.32
17.77
18.34
20.16
17.19
19.85
16.19
16.52
16.8
16.47
18.84
17.22
17.23
15.83
15.48
15.04
17.3
18.21
20.57
24.23
25.94
24.82
15.05
15.18
16.04
15.48
18.59
21.41
15.6
16.24
16.09
15.84
15.9
14.78
14.53
15.78
19.13
19.14
19
23.22
22.55
23.9
19.47
32.15
24.13
29.7
26.07
29.35
30.03
30.85
34.95
30.74
26.05
20.67
23.5
23.48
26.07
28.31
28.23
33.85
41.67
42.62
43.52
20.43
22.39
19.66
18.46
19.72
21.83
22.2
22.8
16.89
16.74
15.91
15.84
16.71
15.73
18.34
14.85
14.16
16.22
13.65
13.23
12.96
11.98
13.07
11.86
11.91
12.58
12.03
11.02
12.39
10.79
11.63
10.97
10.11
11.17
12.14
10.97
11.03
11.28
10.72
11.62
14.06
13.18
9.86
9.75
9.74
10.02
10.8
11.79
10.95
10.94
11.28
10.52
10.11
12.14
10.54
11.38
11.49
11.68
14.17
11.55
12.81
12.6
14.38
13.82
14.87
16.85
16.47
17.96
14.03
12.56
13.06
13.02
14.3
16.75
17.86
18.14
13.21
12.93
11.66
12.89
12.64
12.85
14.28
13.83
14.28
14.29
17.43
14.94
15.13
15.51
16.37
17.5
21.82
25.19
25.59
27.05
17.78
16.11
16.51
17.63
15.6
13.9
16.04
19.17
16.34
16.21
17.4
18.87
22.19
24.17
23.5
23.63
25.7
16.35
14.02
16.88
16.87
17.9
17.87
17.86
20.36
21.43
21.2
23.63
22.18
21.55
23.19
21.64
20.3
21.79
23.01
21.44
21.12
21.77
21.03
20.56
21.95
23.68
23.42
25.3
25.83
26.87
27.56
32.25
36.9
41.1
47.19
38.52
30.26
27.23
28.46
28.82
31.54
27.66
28.95
25.9
26.04
25.26
28.45
28.44
29.21
33.04
35.01
38.32
39.39
40.4
43.55
31.76
34
32.34
34.2
35.52
37.49
37.15
41.1
33.05
40.15
29.64
29.96
31.29
27.41
30.8
28.28
29.64
28.05
23.83
25.36
23.32
25.01
28.81
34.54
34.09
22.09
20.47
20.08
17.91
19.21
21.26
18.66
16.81
15.94
15.07
15.27
14.68
13.63
15.12
15.75
14.57
14.58
13.58
13.69
14.25
15.31
14.98
13.35
13.68
13.07
11.87
11.96
11.03
11.73
12.12
12.13
13.52
12.15
11.19
11.71
11.97
10.48
11.01
12.54
12.13
11.66
10.56
12.68
9.79
10.2
8.74
10.3
9.59
9.5
9.15
9.87
9.6
9.76
9.38
9.46
9.13
8.71
9.5
9.99
10.42
10.25
10.8
11.42
11.77
11.14
12.23
10.59
11.41
11.55
12.47
13.05
14.32
14.21
14.95
16.41
15.83
15.8
16.49
14.55
18.8
14.58
15.46
18.08
18.93
20.54
26.06
18.42
15.39
16.04
16.14
16.48
18.39
17.43
17.63
19.24
17.46
18.49
18.76
20.5
21.13
19.76
18.84
15.63
16.47
15.92
16.67
17.31
19.96
23.59
23.35
27.64
20.92
19.36
16.02
14.64
14.95
15.06
15.41
16.03
14.74
13.15
15.69
17.26
18.74
17.49
18.09
16.51
18.3
15.67
16.02
16.4
14.62
13.95
13.57
12.77
13.09
13.59
14.11
13.62
14.51
14.65
15.42
17.8
20.99
15.7
16.04
15.8
17.91
19.3
21.22
25.31
28.68
32.05
32.73
37.09
33.5
18.48
21.04
16.63
17.9
17.01
17.01
16.44
18.16
26.89
27.77
15.16
16.25
14.84
14.62
15.52
17.2
14.37
17.21
19.38
17.39
18.65
22.59
22.45
22.72
26.18
22.93
25.54
25.04
23.24
24.86
25.21
25.12
29.35
24.86
27.43
23.41
22.44
20.12
17.43
18.86
19.12
17.41
16.25
15.16
14.25
13.19
16.31
21.33
24.66
24.51
25.44
27.08
26.63
24.28
26.24
25.93
28.71
28.23
29.78
26.09
27.73
31.03
35.07
33.98
33.04
33.55
33.06
30.1
33.22
34.62
32.3
30.64
26.24
30.16
31.92
35.01
40.17
40.9
42.71
34.34
36.93
36.48
38.6
41.09
46.8
46.19
45.56
36.2
33.85
37.41
32.96
35.01
35.53
33.92
37.59
26.46
24.51
22.71
18.38
21.13
18.44
16.22
14.74
14.3
12.93
14.21
13.63
15.19
15.09
17.94
20.37
24.24
30.63
34.83
35.91
18.67
18.05
19.67
18.18
23.07
32.47
37.98
43.32
43.84
42.34
42.91
36.85
16
16.35
14.89
12.58
12.84
13.86
13.4
13.14
12.61
14.59
13.17
13.55
14.34
12.91
14.43
14.79
14.57
15.33
14.36
18.23
18.38
18.57
14.63
15.48
16.03
18.17
20.02
23.96
29.71
34.05
39.09
18.59
18.6
16.92
16.49
17.89
19.38
19.7
20.05
22.95
16.72
14.9
15.47
15.51
14.44
13.64
13.37
14.74
15.88
14.86
16.53
17.05
17.7
18.04
18.44
19.87
16.01
16.94
17.74
19.69
19.12
19.66
21.02
17.63
18.01
17.53
18.34
18.36
15.53
16.25
16.93
17.25
17.02
16.13
17.16
18.07
18.38
19.43
19.28
19.07
22.55
24.04
20.3
20.56
20.34
22.03
25.02
28.07
31.05
30.71
29.12
28.35
25.1
23.02
20.89
20.21
21.38
22.21
23.71
24.97
17.62
23.07
20.65
24.25
28.78
33.8
39.48
46.46
51.96
53.72
51.32
23.14
22.64
20.73
19.62
21.47
19.72
22.85
19.65
19.5
17.79
18.1
19.21
16.75
15.53
16.54
16.8
16.09
19.04
20.94
24.65
24.49
20.48
17.2
13.86
14.25
14.59
14.69
13.29
16
16.77
20.69
22.11
22.14
13.49
12.86
12.88
12.28
13.56
12.16
13.7
14.24
14.25
14.25
12.34
13.51
11.14
10.75
10.87
11.65
11.46
10.72
11.24
11.19
14.52
14.64
17.68
15.98
22.04
9.76
11.02
9.29
8.7
9.19
9.84
9.55
9.63
10.7
10.79
10.43
8.4
9.71
10.24
10.73
12.92
13.5
16.63
16.57
9.85
10.54
9.82
10.02
10.84
12.42
13.45
12.19
10.12
9.25
9.71
9.82
10.51
14.29
9.82
11.33
9.4
9.86
10.5
11.91
10.68
12.85
9.19
10.55
8.87
9.9
10.27
9.27
9.86
10.12
10.58
12.32
10.76
10.68
10.84
12.14
12.41
11.65
12.35
12.99
12.05
12.31
11.58
11.37
13.2
12.37
13.21
13.83
15.41
16.78
18.27
23.85
25.64
28.52
15.35
17.98
16.29
15.67
15.16
14.92
16.5
15.62
16.76
18.66
17.38
19.51
20.77
19.38
18.73
21.71
23.15
20.97
21.64
26
28.64
23.49
32.45
22.95
23.69
18.95
19.14
18.16
22.08
18.08
16.81
18.72
19.14
18.31
17.42
17.98
21.26
20.89
14.69
14.42
14.13
13.14
14.63
14.34
17.95
17.49
14.7
16.28
14.56
17.22
16.31
17.32
13.48
13.87
11.81
11.56
12.09
12.43
14.21
14.5
11.6
12.62
11.68
13.03
14.21
16.74
13.4
15.04
16.34
17.72
18.84
19.73
21
21.24
24.11
24.47
25.28
27.56
31.9
31.98
33.47
30.46
26.13
27.09
26.27
28.26
27.33
28.49
25.51
31.01
31.54
34.79
36.38
35.41
38.75
39.47
44.02
43.62
35
36.3
35.74
35.27
34.75
33.05
33.81
33.09
33.61
35.07
35.15
37.66
40.63
39.83
40.67
29.92
27.76
30.4
28.45
26.72
24.56
29.06
28.25
24.78
28.96
24.96
26.88
26.15
26.17
29.26
33.85
38.98
45.37
23.99
25.13
20.53
20.73
21.77
24.81
23.61
24.5
20.48
19.84
16.91
18.65
19.78
18.22
20.84
14.47
15.5
14.69
14.62
16.08
16.04
17.06
13.16
14.52
16.15
16.65
22.48
15.84
15.55
16.11
16.72
16.11
16.49
18.07
16.6
20.98
14.35
17.96
14.83
15.42
17.33
13.65
13.77
14.98
14.75
16.36
17.23
16.41
18.64
19.24
21.03
23.33
20.79
19.6
21.11
22.08
25.17
25.24
24.43
18.82
19.92
19.52
19.43
23.16
26.82
28.77
32.72
19.31
18.17
17.54
19.51
21.41
22.86
18.7
19.04
18.36
17.69
19.44
21.45
21.09
23.72
16.75
15.18
15.56
17.25
20.77
25.44
32.36
32
29.22
28.44
14.67
14.39
14.35
15.54
19.51
24.29
25.63
26.79
13.57
13.03
12.14
11.76
12.26
12.55
12.74
14.28
12.64
12.02
11.24
12.97
12.58
13.83
14.59
11.64
12.14
12.41
13.88
13.48
14.07
13.5
11.75
13.09
14.84
18.37
20.36
22.55
11.41
12.37
10.02
9.49
9.2
9.79
9.98
10.71
11.61
9.82
10.64
10.96
12.9
13.84
12.73
14.24
16.69
21.51
22.33
24.88
14.02
15.65
13.16
13.9
14.7
15.95
18.32
14.11
14.22
15.68
13.88
14.36
12.91
12.32
13.72
13.78
15.52
15.34
16.52
16.94
17.61
19.6
25.49
27.89
26.65
30.19
23.21
20.49
20.32
18.1
21.86
22.18
27.41
20.48
21.29
17.89
17.03
18.34
17.59
19.53
17.99
17.47
18.96
16.86
18.93
18.43
18.31
19.21
17.95
21.05
21.93
23.54
27.48
29.57
30.09
32.69
36.72
27.41
27.43
25.72
27.91
30.28
34.75
37.73
39.25
45.06
28.97
27.97
25
23.64
22.27
19.24
21.39
18.46
19
19.95
21.91
23.35
24.65
23.98
24.43
26.12
32.47
33.31
40.07
23.53
23.1
20.84
21.06
20.53
20.42
19.23
19.63
21.62
18.79
20.29
21.91
23.09
22.73
20.33
20.44
18.64
17.72
17.79
18.02
20.01
16.62
16.06
17.13
15.16
14.7
15.51
16.07
17.71
14.27
14.55
14.54
13.29
15.05
14.51
15.58
12.54
14.24
11.23
12.51
12.47
13.4
13.21
13.2
13.21
11.96
12.3
11.86
14.34
12.28
11.74
12.2
13.03
15.33
12.98
12.86
11.9
11.84
12.32
12.48
13.71
12.36
14.13
15.62
17.43
18.44
17.54
15.1
13.98
14.19
16.09
15.64
16.72
15.03
15.75
18.17
21.37
27.08
37.01
27.12
14.66
14.29
13.38
11.75
11.37
12.11
15.86
12.29
14.62
10.89
10.85
11.07
11.51
12.95
13.92
13.9
12.97
10.1
10.68
10.13
9.28
9.32
10.58
12.16
10.79
9.31
9.85
8.42
9.41
10.21
11.86
11.86
14.85
9.24
9.35
9.89
11.31
12.32
14.4
19.05
20.96
18.58
10.61
11.54
10.58
10.71
11.17
10.6
10.63
11.03
10.41
10.37
10.27
11.79
10.84
10.71
11.29
11.95
11.89
12.16
12.7
13.44
13.45
13.91
15.46
10.37
12.14
10.95
13.44
13.96
14.33
15.45
17.83
12.13
12.99
11
11.05
10.46
11.77
12.5
11.34
10.69
10.62
12.91
13.33
11.8
12.66
12.89
15.47
15.61
17.9
14.24
13.66
14.75
15.79
17.65
21.24
24.9
27.65
28.5
23.67
26.1
17.09
16.47
15.01
15.31
15.7
16.25
16.47
16.42
16.43
17.79
15.42
19.8
15.98
17.7
15.67
17.64
18.78
19.96
22.62
26.21
23.6
23.64
20.14
22.51
21.66
21.81
23.92
27.37
31.27
35.24
34.44
24.06
24.09
20.8
22.49
23.46
23.5
25.08
26.86
28.81
23.73
23.62
24
26.58
27.21
28.48
27.14
28.65
27.29
28.88
26.59
21.08
24.59
23.8
23.48
21.74
20.2
19.33
21.12
21.32
22.46
20.75
18.43
17.9
17.75
16.85
17.47
18.34
17.3
15.91
15.85
14.4
14.46
15.87
18.54
21.14
21.25
25.57
26.97
27.2
14.85
14.12
14.59
15.1
14.63
13.76
15.79
14.76
13.83
15.65
13.6
13.45
14.64
13.83
14.13
14.04
14.06
13.15
12.54
13.04
13.31
12.74
12.38
12.72
13.47
15.17
17.56
20.14
20.11
24.64
20.73
14.95
16.36
14.31
15.42
14.7
15.37
15.2
15.62
16.78
17.17
17.06
19.62
19.06
23.06
22.86
23.17
21.9
23.72
21.35
21.23
21.24
19.43
20.49
21.2
22.51
19.36
17.51
17.42
17.27
19.54
18.6
19.3
20.65
19.49
17.97
17.65
17.81
17.45
18.07
19.14
21.1
21.68
22.22
24.67
25.97
29.26
27.37
26.64
29.57
23.68
25.76
26.31
26.09
31.08
32.85
29.5
28.52
28.76
24.65
25.09
23.83
24.64
23.76
25.62
29.69
33.85
35.85
25.53
27.58
26.89
27.18
28.47
29.29
29.37
27.76
26.34
27.22
31.88
33.87
30.65
29.64
31.78
29.32
31.23
24.91
23.36
22.01
23.1
21.38
24.49
25.59
23.01
25.19
30.49
37.37
44.44
53.09
50.24
23.83
24.85
23.15
21.81
20.61
21.68
19.75
18.06
21.35
21.72
17.64
19.16
18.86
18.92
17.74
20.62
20.87
20.92
24.53
29.41
34.02
39.27
50.88
42.49
23.97
23.36
27.52
24.96
24.41
26.73
20.79
18.14
16.55
16.56
17.65
16.86
17.08
16.2
16.53
19.93
20.27
19.51
20.94
23.94
23.24
26.36
24.33
24.56
31.2
23.5
19.74
21.18
21.11
20.69
23.81
25.51
28.9
25.05
23.13
25.8
26.16
27.03
30.89
29.5
36.02
35
35.08
40.85
31.08
33.17
33.46
32.27
33.31
37.72
36.65
35.97
33.85
35.33
37.6
36.54
32.07
34.29
33.67
31.88
30.88
32.78
33.31
29.77
33.69
34.63
31.91
32.33
31.5
30.94
30.67
27.77
34.88
34.66
38.22
37.25
38.98
38.56
38.07
40.03
40.35
40.8
37.97
36.36
35.67
37.57
37.11
40.08
46.63
49.31
54.82
53.46
34.47
33.64
32.79
33.69
33.1
37.34
35.43
30.08
27.1
29.3
30.78
35.71
38.61
43.12
48.33
44.97
28.52
30.55
26.54
30.44
27.25
26.03
32.14
42.93
57.15
40.09
25.47
26.62
28.96
32.62
39
42.82
46.41
48.58
46.19
27.18
25.27
25.69
27.32
29.71
32.94
24.38
23.01
24
23.87
27.42
35.62
42.3
47.88
51.05
23.34
22.67
21.44
21.42
18.26
17.96
15.39
17.95
17.87
21.22
20.17
23.55
22.14
24.17
27.07
28.65
29.83
30.1
27.59
34.41
21.11
22.34
21.95
22.16
21.68
24.36
28.08
28.3
27.65
20.18
22.07
20.22
18.7
19.44
18.95
18.05
16.99
19.06
19.36
22.31
18.85
20.8
19.21
19.7
21.05
24.72
28.38
35.51
42.78
42.49
19.78
22.93
19.86
19.54
22
22.29
24.05
24.27
27.15
26.02
28.55
17.2
18.79
18.47
17.08
16.79
14.69
13.67
12.45
14.14
13.81
14.29
13.46
18.59
18.42
21.35
26.15
26.95
32.99
24.13
25.37
24.41
22.24
22.41
24.15
23.95
20.59
22.61
24.04
21.77
21.35
20.93
24.88
19.83
28.94
25.51
31.75
38.33
39.68
39.8
38.42
40.31
49.3
36.48
50.81
46.92
48.16
52.5
50.23
53.78
41.81
40.78
37.14
38.77
38.26
40.08
42.94
38.99
39.09
41.72
43.81
37.79
38.77
38.92
37.88
36.48
38.67
37.08
49.48
37.54
33.23
36.7
36.87
38.35
39.74
38.87
34.18
36.63
49.87
38.4
35.5
38.41
36.06
34.81
37.64
39.61
42.06
41.62
31.67
30.72
32.96
31.65
34.75
37.72
39.15
38.55
31.27
29.17
31.13
34.94
38.9
42.42
49.18
47.79
50.6
33.69
32.68
32.94
31.86
33.46
31.34
27.54
26.98
26.96
28.5
32.49
32.08
31.01
30.25
30.58
32.82
33.39
36.92
38.86
39.16
43.35
41.07
43.06
43.35
41.97
47.6
44.11
46.98
43.21
47.37
51.89
59.73
65.47
69.55
67.13
46.18
42.31
47.5
49.48
51.31
53.5
58.31
54.28
49.22
48.63
50.01
55
55.52
60.67
61.24
67.45
71.01
69.44
71.07
69.59
73.9
79.6
74.91
71.81
75.29
80.11
81.32
82.44
85.96
84.32
68.83
61.33
64.45
62
58.51
62.2
54.79
49.04
45.22
40.88
41.29
34.56
33.56
31.89
29.96
29.71
30.4
25.81
25.49
28.51
34.21
33.02
31.96
28.83
26.7
25.62
24.34
23.09
22.33
21.18
20.44
19.31
20.28
20.47
21.58
20.29
20.38
23.68
23.77
22.5
21.78
18.95
19.98
20.34
21.58
20.71
22.41
22.58
22.09
21.1
21.57
23.23
21.93
22.22
20.51
22.37
21.38
22.3
21.19
21.63
23.15
20.71
18.8
22.06
20.15
22.22
22.86
22.32
17.92
17.9
17.39
16.67
18.61
20.46
18.78
18.66
17.45
18.15
18.51
17.97
20.34
21.09
20.1
18.68
18.61
20.49
18.91
19.21
20.27
22.49
26.08
27.27
25.91
22.33
22.36
22.74
25.56
25.49
27.4
19.76
22.68
22.97
23.93
21.74
19.25
19.17
20.75
27.39
25.95
25.23
28.93
30.38
30.61
27.78
31.21
35.1
37.57
34.36
40.15
38.28
38.66
40.22
49.61
36.32
37.53
37.47
39.41
37.17
35.04
39.13
39.36
41.84
39.07
35.05
16.85
15.83
16.78
19.54
23.53
18.14
20.15
20.62
25.25
28.71
29.54
32.62
30.41
33.31
30.43
35.03
40.58
38.82
36.84
37.97
27.56
27.05
26.91
26.24
25.94
25.4
27.01
27.45
21.67
17.71
17.27
15.24
13.22
18.76
21.02
32.54
32.28
34.01
34.32
35.05
39.01
40.38
43.54
49.53
39.77
38.08
33.54
35.69
20.5
26.02
27.83
21.78
29.07
25.31
28.09
31.72
39.86
36.37
39.33
38.25
42.66
39.76
40.47
38.55
38.11
43.09
45.79
42.31
43.35
43.64
40.66
42.86
38.31
30.68
30.49
29.69
32.33
32.21
34.65
36.66
35.44
40.52
35.13
32.55
15.72
14.64
16.72
17.6
23.22
16.6
17.05
17.85
22.04
24.73
27.91
33.54
28.57
32.71
30.42
32.71
36.21
35.06
36.86
39.36
37.76
25.09
21.73
21.13
32.08
23
22.45
25.3
23.29
20.5
19.1
17.87
18.04
18.23
19.26
20.89
24.69
29.25
28.71
29.85
28.6
30.91
33.61
34.27
31.59
34.38
32.65
28.78
30.33
22.88
28.08
28.55
26.95
29.26
28.41
30.32
30.59
39.33
33.11
33.23
34.22
34.11
32.77
32.19
31.48
34.39
36.21
41.58
34.44
33.57
37.73
38.35
37.84
31.75
53.15
53.28
44.73
40.96
61.24
62.64
65.03
68.7
68.13
70.05
66.73
18.19
16.1
20.52
21.21
27.67
18.33
21.77
21.08
25.99
31.4
34.62
37.03
37.37
42.11
34.95
40.55
45.89
45.41
47.2
52.17
54.69
31.95
28.65
29.73
31.98
29.4
26.28
25.84
26.81
24.89
22.1
18.91
18.26
18.36
21.46
23.17
26.34
28.49
29.43
31.66
32.24
32.28
34.28
34.9
33.56
35.7
37.96
29.02
27.97
25.6
26.11
30.1
28.97
27.39
27.33
30.49
29.99
43.52
33.08
32.8
37.58
31.66
33.45
33.42
31.63
29.01
29.56
32.4
30.27
36.61
39.4
45.59
41.87
35.37
22.79
21.84
23.44
20.98
21.58
21.2
22.21
24.21
24.9
24.7
20.77
12.5
11.56
13.1
15.24
18.7
12.84
12.95
13.78
14.3
17.05
18.59
20.77
19.36
22.48
21.48
25.17
27.59
24.12
25.17
24.24
30.15
17.37
17.37
16.96
18.45
16.97
18.33
18.44
21.18
15.63
15.4
12.82
13.41
13.26
17.47
16.59
22.42
23.31
20.96
23.63
22.46
25.51
23.14
27.99
27.33
25.06
25.25
20.92
21.61
21.52
20.14
24.08
21.65
19.07
18.04
23.33
21.35
43.92
25.81
25.1
24.66
25.5
24.67
24.54
24.18
25.62
21.97
30.39
29.74
26.46
30.26
32.9
31.64
25.85
63.74
66.77
73.74
72.01
67.67
77.53
81.52
72.95
70.28
66.39
60.06
65.97
68.38
70.7
71.99
77.91
75.32
73.49
74.22
76.02
72.18
69.71
74.37
76.05
74.74
12.76
11.11
11.21
11.04
13.38
10.53
9.56
11.3
12.57
12.6
13.28
37.39
41.91
42.69
39.5
38.69
31.92
26.83
23.2
45.66
17.13
17.34
56.93
59.44
63.76
64.01
61.07
68.71
76.98
66.39
61.9
61.95
58.65
45.5
49.57
52.84
55.03
59.96
56.65
67.32
53.77
59.75
46.53
41.15
33.52
13.02
44.46
16.29
16.89
13.92
16.1
16.96
13.57
12.54
14.92
17.14
17.8
19.73
41.52
39.29
36.17
36.41
35.59
34.6
27.97
28.82
39.08
20.75
23.41
46.95
51.25
52.32
54.01
47.79
54.48
46.03
54.7
47.11
50.12
50.61
64.31
69.04
65.84
67.26
63.85
67.75
74.02
67.76
74.44
65.85
66.59
69.25
69.88
72.96
16.88
14.23
15.35
16.16
16.8
15.16
13.99
13.81
15.36
15.94
18.42
47.22
45.85
41.58
38
34.09
31.29
29.99
24.41
50.32
20.48
20.83
41.38
44.25
49.84
46.96
47.47
46.37
58.52
51.61
58.45
42.54
35.81
41.93
41.9
55.03
56.92
61.58
56.64
63.95
56.55
64.26
51.98
49.07
52.14
52.61
58.44
12.43
10.25
9.66
8.38
10.56
11.15
10.05
9.42
12.48
11.13
12.51
41.31
42.43
38.54
38.35
33.03
30.29
24.4
20.9
42.67
15.26
18.54
15.14
38.4
10.01
16.54
19.58
15.43
19.72
28.01
39.19
42.18
12.43
22.8
30.36
23.31
30.95
41.68
41.71
40.85
50.36
45.19
40.51
25.91
33.21
27.62
33.41
23.31
35.59
9.43
37.17
12.42
33.64
35.49
11.66
11.46
18.06
21.02
35.62
42.79
29.79
23.96
38.16
16.9
37.7
37.55
37.29
36.41
29.26
19.1
33.7
31.48
30.63
22.88
39.5
16.31
28.19
36.68
17.87
28.21
22.71
19.89
36.72
11.95
17.8
25.81
31.07
25.44
34.85
25.85
29.58
18.58
20.78
26.45
39.57
28.83
32.17
33.77
22.09
14.03
23.66
30.52
5.43
11.66
15.25
18.48
31.45
33.91
38.62
32.74
24.46
34.02
28.11
39.74
12.98
16.32
44.82
36.39
50.37
25.93
28.57
43.59
33.64
31.81
31.79
31.53
33.55
26.51
35.68
34.32
28.78
26.08
27.65
38.87
37.96
27.55
37.42
38.26
34.55
31.45
32.32
29.42
43.21
23.55
25.93
31.29
29.67
19.52
16.34
28.3
31.77
27.39
25.37
38.79
35.55
24.43
31.62
33.75
24.15
23.69
21.31
35.76
31.37
29.45
20.23
40.19
23.09
27.74
17.88
31.8
12.03
22.62
41.62
34.01
35.65
43.74
29.54
32.67
22.47
23.49
29.54
45.12
30.31
35.29
32.5
20.22
28.31
24.65
23.62
33.2
27.48
33.12
40.34
24.73
60.05
34.38
35.96
26.13
39.29
21.24
21.86
35.28
34.53
20.1
39.31
35.22
43.37
37.6
34.12
32.07
27.79
43.21
25.48
25.37
17.7
17.21
14.54
15.11
20.3
35.58
30.1
24.13
21.46
10.83
30.23
18.64
49.38
40.73
12.92
24.12
38.05
21.9
17.62
18.37
53.46
42.14
30.18
33.49
34.49
35.37
28.5
38.1
45.02
5.19
9.21
37.3
15.92
13.69
17.99
30.75
13.51
15.86
18.95
18.79
26.74
34.82
19.13
31.09
37.5
30.5
18.03
17.18
40.21
44.13
31.15
38.13
48.64
41.41
34.79
20.7
32.17
41.2
35.96
29.33
41.48
26.81
37.75
32.86
36.35
34.22
19.5
36.81
29.54
23.26
28.61
32.02
33.1
51.73
38.92
29.17
30.41
29.46
32.25
23.98
17.31
28.52
28.53
24.05
12.04
0.5
14.88
13.6
24.72
20.19
26.51
32.15
25.35
34.26
31.44
38.45
2.52
29.43
31.21
34.65
27.93
25.83
32.53
36.05
38.35
34.92
25.65
28.06
35.52
31.62
25.64
53.13
49.91
26.28
29.22
37.43
26.77
25.71
33.2
36.71
21.89
29.41
27.82
32.45
30.59
37.14
33.08
17.08
36.23
29.25
34.05
24.64
24.23
34.16
19.61
32.12
26.57
27.43
23.93
38.59
19.22
25.84
44.05
19.3
23.32
16.37
18.07
30.32
23.09
18.35
28.68
22.35
29.64
15.51
19.1
31.26
21.47
21.42
23.22
25.8
27.86
30.8
27.87
25.75
27.77
24.53
27.31
31.28
37
29.55
21.53
29.94
22.91
24.37
31.3
28.25
40.52
42.51
19.22
30.59
25.4
40.98
37.75
44.52
42.32
27.16
15.91
25.77
20.92
52.81
55.65
23.98
36.78
26.83
33.49
36.36
38.74
26.32
31.77
41.04
16.04
15.98
18.79
16.98
30.67
37.34
25.2
14.28
14.23
21.98
35.53
35.72
46.08
31.02
19.8
24.1
18.62
17.09
35.78
37.79
48.93
34.17
42.69
20.09
21.96
14.51
21.59
22.37
41.9
40.15
26.04
41.62
46.84
43.35
47.47
30.84
36.2
33.55
21.52
33.17
25.44
34.9
30.8
34.67
23.07
34.02
39.99
33.03
30.16
41.32
29.4
32.99
30.81
36.17
34.09
39.3
29.39
29.49
18.81
6.17
6.14
33.21
17.06
18.76
19.74
26.02
51.24
22.22
34.6
31.25
41.77
27.15
22.68
44.38
33.37
36.37
39.8
31.61
37.98
33.92
21.64
30.65
42.35
26.06
39.96
41.88
29.27
35.65
39.58
43.36
40.02
17.52
15.93
26.25
31.44
43.12
26.24
22.88
22.4
27.75
28.5
29.7
43.48
47.39
35.22
32.41
22.72
34.05
39.9
23.52
33.68
18.95
25.99
14.84
17.47
25.39
31.66
35.16
42.12
32.18
37.31
33.34
29.53
22.24
28.69
39.54
21.77
34.94
31.38
42.8
32.82
26.02
25.72
25.51
30.35
36.39
47.65
26.49
38.68
31.25
39.62
41.63
36.02
30.68
24.02
36.08
19.61
50.59
20.62
32.44
46.25
31.15
49.82
45.02
30
25
33.75
18.24
26.07
14.47
31.43
19.55
20.51
29.49
34.33
23.19
18.77
38.2
31.03
35.11
44.41
47.43
40.77
43.58
37.07
25.69
18.78
20.63
40.13
17.05
18.53
24.57
41.11
39.72
31.92
33.91
28.42
24.81
32.88
32.21
29.83
22.55
13.26
36.25
12.89
29.05
20.66
28.38
28.63
10.13
14.38
11.22
34.82
45.89
18.3
15.26
35.42
42.11
29.54
23.47
32.06
31.71
33.96
15.04
23.04
30.8
37.04
32.71
27.76
39.48
47.75
31.22
40.82
29.27
33.08
20.44
29.59
40.33
32.01
42.82
32.22
54.38
42.58
24.89
19.5
41.42
34.73
24.32
24.86
32.55
15.55
23.47
36.67
27.72
32.58
38.44
25.08
30.3
31.73
22.48
39.89
31.81
24.08
24.15
28.61
14.64
17.28
0.5
13.41
10.06
14.42
23.16
26.9
17.81
33.2
31.43
30.09
31.93
38.19
27.12
0.5
27.26
31.28
28.65
36.21
31.76
29.78
29.88
31.51
18.27
30.14
28.19
18.49
25.16
25
22.65
33.62
23.29
29.74
30.52
33.38
34.36
32.19
34.03
18.02
29.33
34.06
38.72
38.95
37.67
23.36
25.84
35.26
20.63
45.35
35.72
36.55
44.78
44.6
23.4
28.19
35.65
32.53
22.22
14.89
24.92
31.98
41.2
21.98
21.36
28.43
27.46
22.87
24.18
29.38
37.23
32.67
31.77
27.84
27.1
21.4
26.3
13.44
26.24
22.7
26.52
17.61
29.62
29.97
31.09
33.49
27.28
37.48
30.27
36.57
31.9
32.27
43.66
28.28
35.96
25.93
25.22
33.88
31.53
35.72
21.29
25.26
26.62
52.33
35.61
37.75
23.43
38.89
37.96
34.18
39.25
32.89
26.73
18.95
44.48
41.32
40.33
46.56
35.46
62.78
44.91
40.53
24.74
26.62
32.66
23.25
45.67
19.51
21.08
24.41
39.51
26.28
35.78
28.94
32.17
13.75
27.89
26.36
37.76
19.21
29.3
26.55
25.44
26.31
41.71
32.7
32.91
42.27
37.24
39.73
48.6
41.34
26.75
32.09
36.09
37.38
19.53
23.13
37.33
31.11
22.79
29.06
22.48
31.43
36.84
29.36
34.31
