2.4
46.47999954223633
46.11000061035156
55.130001068115234
63.31999969482422
71.19999694824219
63.790000915527344
63.130001068115234
41.810001373291016
38.0099983215332
38.189998626708984
39.54999923706055
39.7400016784668
39.529998779296875
38.54999923706055
41.540000915527344
39.459999084472656
40.93000030517578
44.15999984741211
43.720001220703125
42.290000915527344
39.88999938964844
37.31999969482422
40.15999984741211
37.900001525878906
44.02000045776367
50.59000015258789
49.040000915527344
55.9900016784668
62.5
36.529998779296875
33.66999816894531
35.38999938964844
32.099998474121094
33.79999923706055
31.790000915527344
30.459999084472656
33.720001220703125
30.639999389648438
27.200000762939453
32.15999984741211
32.75
30.790000915527344
29.280000686645508
26.829999923706055
26.1200008392334
35.040000915527344
33.06999969482422
36.91999816894531
36.720001220703125
36.06999969482422
35.36000061035156
35.9900016784668
36.2599983215332
37.65999984741211
38.7599983215332
37.91999816894531
38.08000183105469
36.939998626708984
39.81999969482422
35.04999923706055
37.15999984741211
39.20000076293945
41.380001068115234
42.810001373291016
42.439998626708984
36.209999084472656
40.310001373291016
35.2400016784668
33.58000183105469
36.34000015258789
36.439998626708984
39.2599983215332
47.939998626708984
49.869998931884766
49.119998931884766
51.459999084472656
50.02000045776367
49.970001220703125
35.099998474121094
35.529998779296875
33.56999969482422
30.6299991607666
31.229999542236328
30.290000915527344
28.530000686645508
29.440000534057617
31.690000534057617
36.68000030517578
28.899999618530273
29.5
30.239999771118164
29.8799991607666
29.709999084472656
29.610000610351562
31.719999313354492
29.299999237060547
27.540000915527344
28.489999771118164
30.229999542236328
25.979999542236328
28.020000457763672
29.389999389648438
27.309999465942383
26.049999237060547
26.420000076293945
30.170000076293945
31.1200008392334
31.860000610351562
28.0
26.31999969482422
29.809999465942383
30.610000610351562
29.790000915527344
31.3700008392334
28.190000534057617
29.84000015258789
28.260000228881836
29.139999389648438
31.079999923706055
30.100000381469727
29.559999465942383
29.209999084472656
31.040000915527344
31.719999313354492
29.829999923706055
33.20000076293945
33.970001220703125
30.18000030517578
29.90999984741211
29.110000610351562
29.420000076293945
28.700000762939453
29.489999771118164
29.68000030517578
30.030000686645508
29.280000686645508
29.219999313354492
29.940000534057617
29.280000686645508
31.729999542236328
32.220001220703125
29.829999923706055
33.720001220703125
38.36000061035156
34.209999084472656
32.099998474121094
29.84000015258789
28.010000228881836
30.75
34.849998474121094
33.40999984741211
37.58000183105469
38.72999954223633
42.33000183105469
41.09000015258789
40.9900016784668
41.459999084472656
42.439998626708984
44.25
40.459999084472656
41.209999084472656
45.939998626708984
48.599998474121094
49.939998626708984
45.470001220703125
48.099998474121094
46.65999984741211
52.61000061035156
56.77000045776367
61.33000183105469
65.37999725341797
69.68000030517578
63.720001220703125
70.58999633789062
59.400001525878906
62.04999923706055
56.13999938964844
53.900001525878906
54.310001373291016
58.11000061035156
51.54999923706055
54.369998931884766
48.56999969482422
52.880001068115234
55.25
54.9900016784668
55.619998931884766
53.41999816894531
54.29999923706055
56.33000183105469
60.099998474121094
59.2599983215332
64.22000122070312
66.80000305175781
68.58999633789062
69.18000030517578
63.439998626708984
57.5099983215332
59.849998474121094
54.59000015258789
53.77000045776367
53.11000061035156
51.619998931884766
50.540000915527344
52.79999923706055
48.68000030517578
48.540000915527344
46.68000030517578
46.709999084472656
48.540000915527344
50.810001373291016
55.560001373291016
55.9900016784668
58.65999984741211
41.099998474121094
37.959999084472656
38.79999923706055
43.0099983215332
46.439998626708984
41.2599983215332
40.779998779296875
41.33000183105469
38.599998474121094
37.75
37.29999923706055
36.75
38.7400016784668
37.45000076293945
34.77000045776367
37.4900016784668
40.689998626708984
42.939998626708984
46.099998474121094
51.599998474121094
49.45000076293945
50.08000183105469
40.08000183105469
42.619998931884766
39.81999969482422
40.2400016784668
42.72999954223633
42.97999954223633
43.470001220703125
38.91999816894531
40.560001373291016
34.189998626708984
33.75
34.369998931884766
33.279998779296875
32.06999969482422
37.5
41.619998931884766
39.43000030517578
37.849998474121094
41.58000183105469
44.29999923706055
46.599998474121094
45.220001220703125
42.709999084472656
35.86000061035156
32.18000030517578
36.04999923706055
38.25
38.689998626708984
43.13999938964844
44.7599983215332
38.79999923706055
35.11000061035156
37.7400016784668
34.11000061035156
32.95000076293945
36.619998931884766
32.2599983215332
32.689998626708984
33.439998626708984
34.689998626708984
34.5
32.7599983215332
32.70000076293945
34.220001220703125
34.459999084472656
37.630001068115234
36.2599983215332
38.45000076293945
38.20000076293945
39.08000183105469
40.63999938964844
44.540000915527344
40.58000183105469
38.56999969482422
38.75
37.06999969482422
37.13999938964844
39.529998779296875
37.33000183105469
33.529998779296875
38.43000030517578
35.650001525878906
35.029998779296875
34.619998931884766
33.060001373291016
32.22999954223633
33.7400016784668
31.420000076293945
31.040000915527344
31.690000534057617
32.209999084472656
30.75
31.559999465942383
32.59000015258789
31.450000762939453
34.380001068115234
36.65999984741211
36.709999084472656
35.709999084472656
37.97999954223633
38.59000015258789
39.959999084472656
36.349998474121094
44.119998931884766
35.0099983215332
40.880001068115234
34.599998474121094
32.880001068115234
32.77000045776367
30.84000015258789
28.06999969482422
31.510000228881836
30.350000381469727
30.299999237060547
33.779998779296875
31.149999618530273
32.52000045776367
31.3700008392334
32.310001373291016
35.2599983215332
35.130001068115234
30.100000381469727
32.54999923706055
29.40999984741211
30.190000534057617
27.139999389648438
26.280000686645508
27.790000915527344
25.200000762939453
26.239999771118164
26.399999618530273
21.8799991607666
27.600000381469727
29.690000534057617
32.43000030517578
34.439998626708984
29.139999389648438
28.399999618530273
28.850000381469727
31.200000762939453
32.130001068115234
32.20000076293945
31.68000030517578
33.04999923706055
33.47999954223633
38.130001068115234
41.11000061035156
48.029998779296875
41.810001373291016
46.0099983215332
44.02000045776367
30.739999771118164
28.850000381469727
32.41999816894531
31.940000534057617
29.889999389648438
31.979999542236328
32.52000045776367
35.18000030517578
30.270000457763672
29.65999984741211
33.25
32.54999923706055
32.630001068115234
33.18000030517578
30.510000228881836
31.540000915527344
31.93000030517578
35.650001525878906
31.239999771118164
33.0099983215332
32.41999816894531
33.77000045776367
35.54999923706055
37.81999969482422
40.40999984741211
46.4900016784668
56.869998931884766
43.47999954223633
34.7400016784668
39.540000915527344
32.099998474121094
31.030000686645508
33.099998474121094
30.56999969482422
26.489999771118164
29.610000610351562
32.040000915527344
31.989999771118164
34.88999938964844
36.349998474121094
37.77000045776367
39.2400016784668
37.040000915527344
34.11000061035156
37.650001525878906
38.7599983215332
36.970001220703125
35.16999816894531
37.130001068115234
40.849998474121094
46.720001220703125
52.459999084472656
53.0
47.43000030517578
34.7400016784668
36.70000076293945
31.75
36.720001220703125
40.31999969482422
43.31999969482422
47.849998474121094
51.25
54.04999923706055
37.709999084472656
35.95000076293945
36.130001068115234
36.0099983215332
37.959999084472656
37.54999923706055
39.880001068115234
37.380001068115234
41.06999969482422
34.22999954223633
33.900001525878906
36.0
39.880001068115234
38.619998931884766
39.18000030517578
40.9900016784668
45.279998779296875
45.04999923706055
43.02000045776367
37.599998474121094
38.66999816894531
35.79999923706055
36.59000015258789
36.939998626708984
36.88999938964844
32.880001068115234
34.40999984741211
31.81999969482422
31.149999618530273
30.8700008392334
30.329999923706055
29.760000228881836
32.0
33.540000915527344
36.060001373291016
40.41999816894531
41.84000015258789
48.11000061035156
49.279998779296875
55.0099983215332
57.95000076293945
58.5099983215332
52.880001068115234
44.61000061035156
44.91999816894531
42.27000045776367
44.970001220703125
44.099998474121094
51.369998931884766
47.11000061035156
48.5
47.33000183105469
45.279998779296875
43.939998626708984
44.2599983215332
44.18000030517578
45.119998931884766
45.119998931884766
47.380001068115234
53.060001373291016
45.38999938964844
46.5099983215332
46.31999969482422
47.34000015258789
46.709999084472656
46.709999084472656
43.4900016784668
37.959999084472656
43.84000015258789
44.709999084472656
46.5
45.77000045776367
52.150001525878906
42.529998779296875
40.529998779296875
39.84000015258789
43.97999954223633
44.459999084472656
39.2400016784668
40.400001525878906
40.689998626708984
40.970001220703125
36.959999084472656
37.060001373291016
39.119998931884766
39.900001525878906
41.58000183105469
43.619998931884766
39.25
42.939998626708984
42.349998474121094
40.79999923706055
40.08000183105469
41.09000015258789
43.83000183105469
43.0
40.25
35.22999954223633
43.029998779296875
48.599998474121094
58.36000061035156
63.58000183105469
66.93000030517578
71.95999908447266
70.3499984741211
44.22999954223633
44.619998931884766
39.58000183105469
38.900001525878906
35.77000045776367
35.849998474121094
34.040000915527344
36.279998779296875
34.470001220703125
30.950000762939453
31.079999923706055
36.779998779296875
34.45000076293945
37.40999984741211
40.689998626708984
43.77000045776367
45.279998779296875
47.25
47.02000045776367
43.33000183105469
38.380001068115234
36.47999954223633
35.880001068115234
39.959999084472656
42.5099983215332
47.040000915527344
53.13999938964844
53.439998626708984
37.68000030517578
35.88999938964844
36.5099983215332
35.61000061035156
34.380001068115234
34.099998474121094
32.95000076293945
33.5099983215332
36.4900016784668
42.06999969482422
35.349998474121094
31.59000015258789
31.90999984741211
31.93000030517578
30.309999465942383
30.040000915527344
30.520000457763672
28.190000534057617
30.780000686645508
29.81999969482422
28.3700008392334
30.329999923706055
29.729999542236328
29.899999618530273
31.790000915527344
33.61000061035156
30.850000381469727
31.739999771118164
33.22999954223633
32.70000076293945
33.869998931884766
30.020000457763672
29.360000610351562
32.540000915527344
29.510000228881836
27.989999771118164
31.280000686645508
25.540000915527344
29.239999771118164
28.299999237060547
27.5
27.549999237060547
25.84000015258789
23.979999542236328
25.170000076293945
26.360000610351562
24.030000686645508
24.059999465942383
24.540000915527344
24.65999984741211
25.850000381469727
25.469999313354492
24.5
25.3700008392334
21.889999389648438
28.079999923706055
28.309999465942383
27.959999084472656
31.170000076293945
31.290000915527344
29.479999542236328
28.760000228881836
30.850000381469727
29.670000076293945
30.290000915527344
30.809999465942383
31.860000610351562
33.81999969482422
35.970001220703125
33.04999923706055
31.239999771118164
30.959999084472656
32.130001068115234
30.139999389648438
29.6200008392334
29.459999084472656
30.639999389648438
32.34000015258789
32.47999954223633
31.010000228881836
33.93000030517578
31.15999984741211
29.139999389648438
32.88999938964844
35.02000045776367
37.869998931884766
46.689998626708984
41.099998474121094
34.38999938964844
30.540000915527344
32.380001068115234
32.58000183105469
32.279998779296875
33.52000045776367
37.2599983215332
38.619998931884766
37.2599983215332
36.33000183105469
35.849998474121094
30.510000228881836
31.770000457763672
28.56999969482422
30.709999084472656
29.549999237060547
30.600000381469727
33.7400016784668
36.689998626708984
35.459999084472656
33.439998626708984
32.7400016784668
33.45000076293945
33.95000076293945
35.95000076293945
39.36000061035156
36.90999984741211
41.279998779296875
40.13999938964844
37.709999084472656
36.97999954223633
39.16999816894531
36.56999969482422
35.2599983215332
36.369998931884766
35.66999816894531
36.9900016784668
36.52000045776367
37.61000061035156
35.66999816894531
34.97999954223633
33.36000061035156
33.93000030517578
35.650001525878906
34.720001220703125
40.349998474121094
41.439998626708984
43.0099983215332
34.790000915527344
32.790000915527344
35.459999084472656
34.560001373291016
39.11000061035156
42.29999923706055
43.15999984741211
41.43000030517578
33.4900016784668
29.93000030517578
33.869998931884766
32.63999938964844
29.649999618530273
32.220001220703125
28.139999389648438
33.95000076293945
32.7400016784668
37.279998779296875
36.27000045776367
38.68000030517578
37.709999084472656
36.9900016784668
35.529998779296875
35.61000061035156
35.119998931884766
38.209999084472656
36.11000061035156
41.209999084472656
34.709999084472656
32.9900016784668
33.0
33.880001068115234
36.400001525878906
31.920000076293945
32.939998626708984
30.1200008392334
29.850000381469727
31.649999618530273
30.860000610351562
30.290000915527344
34.529998779296875
35.130001068115234
32.86000061035156
36.88999938964844
37.939998626708984
39.52000045776367
35.209999084472656
35.54999923706055
36.79999923706055
39.380001068115234
39.06999969482422
40.959999084472656
42.54999923706055
47.68000030517578
42.61000061035156
40.77000045776367
34.380001068115234
43.900001525878906
44.83000183105469
53.59000015258789
66.87999725341797
84.36000061035156
58.88999938964844
37.20000076293945
41.02000045776367
33.33000183105469
33.84000015258789
32.72999954223633
27.489999771118164
29.950000762939453
31.969999313354492
32.27000045776367
34.869998931884766
35.31999969482422
38.540000915527344
39.630001068115234
39.470001220703125
35.06999969482422
33.91999816894531
32.650001525878906
35.22999954223633
36.20000076293945
38.91999816894531
39.33000183105469
44.7400016784668
52.220001220703125
34.15999984741211
29.549999237060547
35.459999084472656
37.970001220703125
40.08000183105469
43.88999938964844
49.22999954223633
55.40999984741211
56.209999084472656
37.5
38.130001068115234
39.310001373291016
40.08000183105469
38.08000183105469
38.02000045776367
39.099998474121094
36.380001068115234
38.400001525878906
39.880001068115234
40.06999969482422
41.369998931884766
42.7400016784668
34.540000915527344
37.150001525878906
38.09000015258789
37.5099983215332
36.470001220703125
37.0
39.79999923706055
40.279998779296875
41.2599983215332
35.709999084472656
32.959999084472656
35.72999954223633
37.869998931884766
40.86000061035156
43.47999954223633
43.06999969482422
47.61000061035156
34.33000183105469
33.150001525878906
33.810001373291016
33.41999816894531
35.619998931884766
38.790000915527344
36.13999938964844
39.70000076293945
41.36000061035156
43.75
38.970001220703125
38.630001068115234
30.600000381469727
29.979999542236328
28.200000762939453
31.149999618530273
30.770000457763672
31.229999542236328
30.950000762939453
33.029998779296875
38.540000915527344
29.670000076293945
30.520000457763672
28.559999465942383
29.93000030517578
32.099998474121094
32.970001220703125
31.809999465942383
36.04999923706055
30.889999389648438
30.420000076293945
30.81999969482422
29.5
29.25
28.829999923706055
32.209999084472656
31.420000076293945
28.09000015258789
27.139999389648438
29.3700008392334
29.06999969482422
30.219999313354492
28.65999984741211
29.389999389648438
30.170000076293945
28.950000762939453
25.889999389648438
26.649999618530273
27.010000228881836
28.739999771118164
27.649999618530273
31.8799991607666
32.709999084472656
34.88999938964844
36.119998931884766
26.530000686645508
26.020000457763672
25.690000534057617
27.950000762939453
27.229999542236328
29.450000762939453
31.149999618530273
26.729999542236328
26.299999237060547
28.110000610351562
27.959999084472656
30.329999923706055
29.469999313354492
30.81999969482422
31.610000610351562
29.5
28.65999984741211
31.280000686645508
30.979999542236328
30.600000381469727
29.170000076293945
29.06999969482422
28.68000030517578
25.510000228881836
29.920000076293945
30.399999618530273
31.420000076293945
32.060001373291016
32.599998474121094
31.459999084472656
31.040000915527344
32.880001068115234
33.90999984741211
33.65999984741211
34.970001220703125
32.459999084472656
32.470001220703125
31.6299991607666
31.3700008392334
37.06999969482422
38.90999984741211
39.029998779296875
36.060001373291016
36.27000045776367
35.5099983215332
32.91999816894531
31.59000015258789
34.13999938964844
37.66999816894531
37.599998474121094
34.18000030517578
34.040000915527344
35.029998779296875
39.97999954223633
36.0
40.77000045776367
44.31999969482422
47.630001068115234
42.959999084472656
43.61000061035156
45.27000045776367
45.59000015258789
46.58000183105469
47.560001373291016
46.36000061035156
47.220001220703125
57.540000915527344
62.22999954223633
65.66999816894531
61.86000061035156
71.1500015258789
83.02999877929688
64.0
59.849998474121094
63.709999084472656
64.56999969482422
66.98999786376953
71.98999786376953
58.02000045776367
58.209999084472656
52.09000015258789
46.93000030517578
47.47999954223633
49.650001525878906
49.689998626708984
47.040000915527344
45.7400016784668
49.22999954223633
48.470001220703125
44.540000915527344
42.310001373291016
40.70000076293945
39.400001525878906
41.72999954223633
37.279998779296875
32.91999816894531
35.34000015258789
37.79999923706055
37.38999938964844
39.790000915527344
39.15999984741211
40.72999954223633
43.27000045776367
45.52000045776367
40.529998779296875
39.630001068115234
37.70000076293945
38.900001525878906
39.61000061035156
39.13999938964844
39.52000045776367
38.529998779296875
38.349998474121094
38.56999969482422
42.84000015258789
44.209999084472656
48.11000061035156
48.29999923706055
49.72999954223633
47.86000061035156
44.75
42.0
42.720001220703125
42.33000183105469
44.130001068115234
44.22999954223633
44.83000183105469
45.130001068115234
39.0099983215332
43.2400016784668
41.58000183105469
36.439998626708984
35.720001220703125
35.83000183105469
35.959999084472656
36.7400016784668
34.310001373291016
36.97999954223633
39.349998474121094
41.66999816894531
37.459999084472656
38.41999816894531
40.2599983215332
37.70000076293945
35.34000015258789
35.34000015258789
36.599998474121094
35.70000076293945
34.70000076293945
30.799999237060547
33.150001525878906
33.88999938964844
34.119998931884766
33.31999969482422
31.84000015258789
31.1200008392334
33.70000076293945
33.91999816894531
33.349998474121094
31.56999969482422
33.380001068115234
34.16999816894531
36.15999984741211
39.060001373291016
38.040000915527344
35.599998474121094
36.900001525878906
42.25
44.2400016784668
47.95000076293945
45.61000061035156
33.060001373291016
33.869998931884766
29.799999237060547
27.940000534057617
26.1299991607666
29.010000228881836
33.189998626708984
30.059999465942383
29.8799991607666
29.729999542236328
28.530000686645508
24.5
27.540000915527344
28.219999313354492
27.829999923706055
31.940000534057617
31.579999923706055
33.119998931884766
35.06999969482422
36.349998474121094
39.959999084472656
35.939998626708984
31.670000076293945
32.38999938964844
33.70000076293945
33.41999816894531
32.91999816894531
34.869998931884766
37.59000015258789
37.619998931884766
37.099998474121094
32.66999816894531
36.189998626708984
32.189998626708984
33.349998474121094
33.15999984741211
33.939998626708984
35.310001373291016
36.66999816894531
34.630001068115234
35.650001525878906
34.400001525878906
34.9900016784668
38.33000183105469
39.81999969482422
42.06999969482422
34.18000030517578
33.529998779296875
35.54999923706055
38.310001373291016
37.86000061035156
39.650001525878906
40.34000015258789
43.65999984741211
36.619998931884766
39.849998474121094
35.90999984741211
36.38999938964844
37.599998474121094
35.83000183105469
36.4900016784668
32.27000045776367
34.41999816894531
34.13999938964844
34.68000030517578
37.459999084472656
36.790000915527344
35.68000030517578
37.54999923706055
38.9900016784668
43.66999816894531
34.849998474121094
31.65999984741211
35.529998779296875
34.68000030517578
36.43000030517578
33.41999816894531
35.91999816894531
32.880001068115234
31.739999771118164
31.200000762939453
31.459999084472656
30.010000228881836
30.350000381469727
28.170000076293945
29.350000381469727
27.31999969482422
27.579999923706055
26.559999465942383
27.520000457763672
25.860000610351562
31.34000015258789
27.899999618530273
30.639999389648438
28.799999237060547
27.959999084472656
26.84000015258789
27.280000686645508
29.469999313354492
26.729999542236328
26.520000457763672
27.850000381469727
29.459999084472656
30.520000457763672
28.68000030517578
26.200000762939453
23.200000762939453
25.219999313354492
26.90999984741211
27.700000762939453
29.649999618530273
27.020000457763672
26.389999389648438
28.260000228881836
30.350000381469727
29.530000686645508
26.350000381469727
22.520000457763672
26.030000686645508
25.520000457763672
26.440000534057617
25.68000030517578
25.969999313354492
27.290000915527344
28.760000228881836
28.350000381469727
28.920000076293945
27.950000762939453
26.229999542236328
26.420000076293945
30.700000762939453
31.43000030517578
33.470001220703125
33.630001068115234
34.68000030517578
35.47999954223633
35.380001068115234
35.43000030517578
37.31999969482422
36.47999954223633
37.56999969482422
35.5
34.15999984741211
33.369998931884766
33.869998931884766
36.84000015258789
36.150001525878906
38.02000045776367
36.540000915527344
36.790000915527344
36.650001525878906
38.25
37.68000030517578
41.13999938964844
43.25
50.119998931884766
56.439998626708984
52.13999938964844
52.79999923706055
54.86000061035156
36.040000915527344
33.849998474121094
33.099998474121094
33.65999984741211
35.41999816894531
33.25
34.349998474121094
36.59000015258789
35.0
36.11000061035156
35.150001525878906
33.06999969482422
35.7400016784668
30.75
32.88999938964844
38.59000015258789
38.59000015258789
38.439998626708984
37.939998626708984
38.11000061035156
41.63999938964844
41.83000183105469
41.400001525878906
40.86000061035156
45.220001220703125
40.91999816894531
42.54999923706055
44.720001220703125
50.72999954223633
57.16999816894531
54.22999954223633
62.18000030517578
41.58000183105469
47.290000915527344
39.849998474121094
42.689998626708984
47.38999938964844
49.650001525878906
57.810001373291016
55.4900016784668
41.06999969482422
36.75
39.650001525878906
36.91999816894531
39.11000061035156
39.810001373291016
41.15999984741211
38.470001220703125
37.36000061035156
42.040000915527344
35.400001525878906
34.849998474121094
32.70000076293945
34.2599983215332
34.880001068115234
34.459999084472656
35.83000183105469
35.029998779296875
36.060001373291016
40.27000045776367
37.7400016784668
37.54999923706055
36.650001525878906
35.29999923706055
41.939998626708984
44.279998779296875
44.290000915527344
45.43000030517578
49.720001220703125
52.619998931884766
50.90999984741211
52.130001068115234
53.18000030517578
44.58000183105469
43.689998626708984
46.93000030517578
44.29999923706055
45.06999969482422
48.459999084472656
47.58000183105469
41.27000045776367
38.060001373291016
40.4900016784668
41.2599983215332
45.369998931884766
52.130001068115234
43.31999969482422
39.54999923706055
40.18000030517578
41.400001525878906
40.93000030517578
41.38999938964844
36.7599983215332
37.209999084472656
33.54999923706055
35.20000076293945
37.2599983215332
40.209999084472656
40.529998779296875
40.790000915527344
43.0099983215332
36.900001525878906
32.22999954223633
38.7400016784668
41.29999923706055
41.97999954223633
43.189998626708984
45.29999923706055
46.47999954223633
45.790000915527344
50.060001373291016
45.86000061035156
46.4900016784668
36.36000061035156
33.689998626708984
35.95000076293945
35.7599983215332
36.40999984741211
38.560001373291016
39.13999938964844
39.7599983215332
42.349998474121094
34.08000183105469
34.06999969482422
33.7400016784668
33.22999954223633
34.31999969482422
36.560001373291016
33.970001220703125
31.489999771118164
31.43000030517578
29.549999237060547
31.450000762939453
34.18000030517578
32.439998626708984
34.810001373291016
32.08000183105469
32.040000915527344
29.139999389648438
28.639999389648438
26.969999313354492
25.260000228881836
29.309999465942383
27.360000610351562
27.229999542236328
26.760000228881836
25.760000228881836
26.3700008392334
25.3700008392334
25.100000381469727
26.770000457763672
29.479999542236328
24.209999084472656
24.950000762939453
25.59000015258789
26.020000457763672
25.65999984741211
26.489999771118164
22.75
25.040000915527344
23.979999542236328
25.040000915527344
26.170000076293945
26.940000534057617
26.739999771118164
28.350000381469727
27.520000457763672
26.989999771118164
26.729999542236328
28.68000030517578
29.15999984741211
30.530000686645508
33.459999084472656
29.31999969482422
35.279998779296875
27.940000534057617
27.329999923706055
28.829999923706055
26.3799991607666
24.639999389648438
23.0
27.8700008392334
28.510000228881836
27.1299991607666
27.489999771118164
25.84000015258789
27.6200008392334
30.709999084472656
30.969999313354492
28.3700008392334
28.059999465942383
28.079999923706055
26.760000228881836
26.709999084472656
27.940000534057617
27.93000030517578
27.690000534057617
28.5
29.6299991607666
26.670000076293945
35.290000915527344
33.65999984741211
31.940000534057617
31.809999465942383
30.6200008392334
31.850000381469727
31.90999984741211
34.16999816894531
30.969999313354492
29.56999969482422
31.559999465942383
36.029998779296875
29.09000015258789
28.979999542236328
30.020000457763672
32.18000030517578
32.22999954223633
31.75
31.860000610351562
35.369998931884766
33.119998931884766
27.440000534057617
29.09000015258789
29.260000228881836
29.530000686645508
29.950000762939453
32.13999938964844
33.18000030517578
29.6200008392334
29.030000686645508
30.520000457763672
30.530000686645508
29.139999389648438
32.380001068115234
30.729999542236328
33.310001373291016
34.5
33.88999938964844
35.7599983215332
32.81999969482422
28.690000534057617
29.06999969482422
31.540000915527344
32.29999923706055
33.560001373291016
43.060001373291016
31.030000686645508
29.600000381469727
31.549999237060547
32.68000030517578
32.599998474121094
33.83000183105469
33.33000183105469
34.209999084472656
32.08000183105469
32.779998779296875
34.349998474121094
36.369998931884766
35.529998779296875
35.790000915527344
31.420000076293945
30.3700008392334
30.979999542236328
32.939998626708984
31.90999984741211
32.25
33.95000076293945
33.65999984741211
32.65999984741211
34.77000045776367
36.13999938964844
35.560001373291016
37.22999954223633
44.25
49.84000015258789
50.619998931884766
32.400001525878906
30.09000015258789
30.920000076293945
32.900001525878906
33.90999984741211
35.310001373291016
36.5
37.20000076293945
36.150001525878906
37.459999084472656
38.060001373291016
32.349998474121094
31.43000030517578
33.689998626708984
33.470001220703125
29.709999084472656
26.110000610351562
34.439998626708984
36.650001525878906
32.7599983215332
34.2599983215332
36.5099983215332
38.849998474121094
35.86000061035156
33.439998626708984
32.45000076293945
33.77000045776367
33.7400016784668
35.150001525878906
37.02000045776367
37.63999938964844
38.45000076293945
39.45000076293945
39.2400016784668
37.91999816894531
37.45000076293945
34.90999984741211
38.060001373291016
40.369998931884766
38.560001373291016
42.4900016784668
36.70000076293945
36.779998779296875
39.869998931884766
42.439998626708984
49.08000183105469
56.529998779296875
51.27000045776367
54.290000915527344
40.220001220703125
35.90999984741211
35.869998931884766
32.77000045776367
31.8799991607666
34.20000076293945
31.729999542236328
33.25
30.290000915527344
30.139999389648438
29.65999984741211
29.200000762939453
31.100000381469727
31.290000915527344
31.030000686645508
27.780000686645508
26.520000457763672
25.739999771118164
27.25
29.059999465942383
31.639999389648438
35.72999954223633
35.2599983215332
27.510000228881836
28.0
28.1200008392334
25.399999618530273
25.110000610351562
25.459999084472656
27.639999389648438
26.979999542236328
26.149999618530273
27.81999969482422
26.889999389648438
27.010000228881836
27.0
25.200000762939453
26.139999389648438
27.0
26.809999465942383
26.399999618530273
27.690000534057617
29.350000381469727
27.809999465942383
29.06999969482422
25.31999969482422
28.3799991607666
28.90999984741211
26.93000030517578
29.049999237060547
27.739999771118164
28.479999542236328
26.360000610351562
28.6299991607666
22.389999389648438
28.860000610351562
30.899999618530273
33.31999969482422
29.280000686645508
28.270000457763672
27.799999237060547
28.25
26.0
28.290000915527344
30.31999969482422
28.760000228881836
28.110000610351562
26.420000076293945
27.739999771118164
26.270000457763672
25.889999389648438
27.479999542236328
27.020000457763672
26.75
25.75
26.079999923706055
28.81999969482422
29.719999313354492
29.34000015258789
30.889999389648438
31.18000030517578
30.719999313354492
32.2599983215332
35.63999938964844
30.450000762939453
32.93000030517578
35.150001525878906
33.65999984741211
32.54999923706055
31.31999969482422
31.309999465942383
31.559999465942383
29.829999923706055
31.610000610351562
30.389999389648438
31.719999313354492
34.290000915527344
38.630001068115234
38.45000076293945
39.900001525878906
43.02000045776367
40.0
39.029998779296875
36.77000045776367
41.650001525878906
36.16999816894531
44.119998931884766
44.599998474121094
44.79999923706055
43.22999954223633
43.2400016784668
36.91999816894531
46.79999923706055
45.459999084472656
44.119998931884766
44.16999816894531
46.959999084472656
47.709999084472656
52.279998779296875
52.630001068115234
51.86000061035156
41.58000183105469
42.099998474121094
44.52000045776367
45.380001068115234
46.7400016784668
45.16999816894531
45.43000030517578
47.27000045776367
40.54999923706055
39.36000061035156
38.38999938964844
40.22999954223633
40.119998931884766
39.0
43.29999923706055
42.95000076293945
39.119998931884766
37.15999984741211
37.400001525878906
36.93000030517578
35.70000076293945
39.43000030517578
45.959999084472656
39.7400016784668
37.5
36.36000061035156
37.11000061035156
34.04999923706055
40.22999954223633
34.81999969482422
33.7599983215332
34.36000061035156
32.689998626708984
31.09000015258789
34.38999938964844
35.83000183105469
34.04999923706055
35.380001068115234
37.119998931884766
36.790000915527344
37.77000045776367
37.650001525878906
36.11000061035156
37.5099983215332
35.849998474121094
32.40999984741211
34.56999969482422
31.989999771118164
35.2400016784668
28.559999465942383
34.97999954223633
24.799999237060547
40.029998779296875
33.65999984741211
34.369998931884766
35.90999984741211
32.91999816894531
32.630001068115234
34.400001525878906
36.779998779296875
35.779998779296875
36.369998931884766
35.369998931884766
36.2400016784668
33.970001220703125
32.650001525878906
35.849998474121094
38.70000076293945
41.04999923706055
34.88999938964844
33.119998931884766
31.850000381469727
32.54999923706055
33.83000183105469
29.670000076293945
33.040000915527344
36.279998779296875
34.209999084472656
37.130001068115234
35.7400016784668
37.869998931884766
37.70000076293945
37.709999084472656
36.869998931884766
40.18000030517578
35.59000015258789
37.25
42.08000183105469
43.470001220703125
49.369998931884766
53.18000030517578
54.060001373291016
36.97999954223633
37.150001525878906
37.970001220703125
35.66999816894531
31.8799991607666
29.59000015258789
28.739999771118164
26.469999313354492
35.93000030517578
32.95000076293945
39.459999084472656
39.380001068115234
41.52000045776367
42.22999954223633
39.0
37.29999923706055
36.77000045776367
34.2400016784668
33.86000061035156
34.400001525878906
32.939998626708984
32.650001525878906
33.290000915527344
33.290000915527344
35.25
32.560001373291016
30.93000030517578
31.3700008392334
30.309999465942383
32.29999923706055
30.18000030517578
27.25
31.15999984741211
31.489999771118164
33.18000030517578
30.979999542236328
34.54999923706055
28.90999984741211
37.20000076293945
30.170000076293945
32.150001525878906
32.68000030517578
32.70000076293945
29.950000762939453
34.66999816894531
38.36000061035156
32.5
31.15999984741211
33.150001525878906
36.310001373291016
38.2400016784668
33.970001220703125
26.170000076293945
26.969999313354492
25.040000915527344
27.540000915527344
25.56999969482422
30.889999389648438
31.1200008392334
31.420000076293945
37.38999938964844
37.790000915527344
42.97999954223633
36.88999938964844
41.400001525878906
35.54999923706055
33.2400016784668
35.27000045776367
32.36000061035156
34.58000183105469
35.849998474121094
33.7400016784668
34.5
33.22999954223633
33.83000183105469
32.400001525878906
31.93000030517578
32.970001220703125
31.0
34.63999938964844
32.369998931884766
33.29999923706055
33.02000045776367
41.2599983215332
34.11000061035156
33.66999816894531
37.650001525878906
42.68000030517578
46.97999954223633
51.689998626708984
55.20000076293945
33.130001068115234
30.84000015258789
35.900001525878906
36.16999816894531
35.66999816894531
37.79999923706055
39.7599983215332
39.66999816894531
39.279998779296875
38.20000076293945
41.79999923706055
36.290000915527344
36.9900016784668
35.4900016784668
32.040000915527344
31.59000015258789
30.549999237060547
30.3799991607666
31.530000686645508
30.280000686645508
32.95000076293945
30.809999465942383
30.979999542236328
32.040000915527344
32.97999954223633
28.209999084472656
28.8799991607666
30.34000015258789
31.149999618530273
28.84000015258789
29.079999923706055
31.399999618530273
25.889999389648438
26.65999984741211
27.559999465942383
27.700000762939453
28.3700008392334
27.549999237060547
26.399999618530273
27.049999237060547
25.780000686645508
24.43000030517578
24.940000534057617
24.729999542236328
25.770000457763672
23.43000030517578
23.280000686645508
22.530000686645508
23.969999313354492
26.479999542236328
29.15999984741211
26.559999465942383
27.030000686645508
27.290000915527344
29.760000228881836
28.520000457763672
29.09000015258789
28.149999618530273
30.459999084472656
29.899999618530273
29.469999313354492
27.229999542236328
28.639999389648438
30.420000076293945
28.75
28.1299991607666
28.010000228881836
29.100000381469727
29.540000915527344
30.360000610351562
25.469999313354492
25.040000915527344
24.360000610351562
27.18000030517578
27.6200008392334
28.059999465942383
27.18000030517578
26.770000457763672
26.010000228881836
26.719999313354492
24.559999465942383
25.90999984741211
26.790000915527344
25.09000015258789
26.59000015258789
28.860000610351562
25.8700008392334
24.729999542236328
24.809999465942383
24.020000457763672
22.790000915527344
29.190000534057617
28.149999618530273
30.209999084472656
29.43000030517578
28.270000457763672
27.56999969482422
27.81999969482422
27.920000076293945
29.59000015258789
31.020000457763672
29.190000534057617
28.770000457763672
26.18000030517578
26.989999771118164
27.790000915527344
28.6299991607666
30.760000228881836
30.030000686645508
34.9900016784668
32.81999969482422
30.84000015258789
30.260000228881836
33.290000915527344
33.63999938964844
30.530000686645508
28.239999771118164
30.1200008392334
33.66999816894531
29.0
30.809999465942383
29.520000457763672
29.989999771118164
31.06999969482422
30.3700008392334
32.470001220703125
33.119998931884766
33.27000045776367
34.08000183105469
33.400001525878906
31.579999923706055
36.58000183105469
30.540000915527344
26.25
25.68000030517578
26.34000015258789
26.329999923706055
27.75
26.309999465942383
24.829999923706055
21.219999313354492
20.579999923706055
20.8700008392334
21.010000228881836
20.149999618530273
19.75
21.479999542236328
24.360000610351562
23.65999984741211
26.530000686645508
24.809999465942383
27.90999984741211
25.530000686645508
20.280000686645508
26.920000076293945
26.1299991607666
25.520000457763672
27.270000457763672
28.959999084472656
28.75
33.45000076293945
33.119998931884766
34.56999969482422
35.2599983215332
35.220001220703125
35.58000183105469
33.86000061035156
31.3700008392334
33.439998626708984
34.9900016784668
34.209999084472656
35.130001068115234
34.88999938964844
35.040000915527344
35.400001525878906
33.380001068115234
32.5099983215332
32.279998779296875
31.790000915527344
34.540000915527344
35.40999984741211
34.220001220703125
35.709999084472656
32.4900016784668
34.41999816894531
35.29999923706055
35.40999984741211
35.66999816894531
34.470001220703125
36.97999954223633
33.939998626708984
32.88999938964844
33.65999984741211
37.7400016784668
37.86000061035156
37.84000015258789
37.15999984741211
39.33000183105469
41.7599983215332
43.279998779296875
44.650001525878906
35.56999969482422
41.36000061035156
37.16999816894531
40.4900016784668
36.900001525878906
37.310001373291016
38.52000045776367
38.34000015258789
37.2400016784668
37.06999969482422
37.0099983215332
36.65999984741211
37.18000030517578
36.9900016784668
40.119998931884766
41.90999984741211
39.33000183105469
34.29999923706055
30.860000610351562
36.56999969482422
36.4900016784668
34.27000045776367
32.470001220703125
32.72999954223633
35.0
35.279998779296875
37.040000915527344
39.31999969482422
37.869998931884766
40.63999938964844
43.7400016784668
39.84000015258789
36.06999969482422
35.20000076293945
33.5099983215332
35.779998779296875
34.9900016784668
36.34000015258789
32.849998474121094
31.389999389648438
30.1200008392334
30.969999313354492
32.220001220703125
33.11000061035156
29.959999084472656
33.0
32.9900016784668
32.66999816894531
34.2599983215332
34.900001525878906
30.709999084472656
27.729999542236328
25.709999084472656
33.970001220703125
32.880001068115234
35.36000061035156
33.13999938964844
35.27000045776367
37.099998474121094
41.310001373291016
31.549999237060547
32.90999984741211
30.940000534057617
31.84000015258789
32.630001068115234
37.36000061035156
36.779998779296875
40.939998626708984
37.70000076293945
31.8700008392334
33.279998779296875
30.440000534057617
31.350000381469727
30.829999923706055
30.40999984741211
29.31999969482422
32.47999954223633
29.280000686645508
32.189998626708984
31.440000534057617
28.989999771118164
31.09000015258789
28.299999237060547
28.479999542236328
27.979999542236328
31.010000228881836
31.520000457763672
32.2599983215332
35.20000076293945
34.0099983215332
34.290000915527344
35.369998931884766
38.459999084472656
39.86000061035156
42.029998779296875
34.380001068115234
35.470001220703125
33.88999938964844
34.650001525878906
33.310001373291016
32.310001373291016
33.58000183105469
32.09000015258789
31.5
30.760000228881836
31.030000686645508
29.639999389648438
34.34000015258789
33.70000076293945
32.099998474121094
37.0099983215332
40.2599983215332
43.560001373291016
45.790000915527344
48.56999969482422
45.63999938964844
34.20000076293945
34.16999816894531
31.56999969482422
30.450000762939453
33.40999984741211
33.02000045776367
32.38999938964844
33.66999816894531
28.690000534057617
26.530000686645508
30.3799991607666
29.200000762939453
30.56999969482422
29.700000762939453
32.540000915527344
32.09000015258789
31.290000915527344
31.5
29.56999969482422
29.15999984741211
28.299999237060547
31.149999618530273
31.06999969482422
31.979999542236328
35.59000015258789
35.529998779296875
34.75
33.43000030517578
33.88999938964844
30.829999923706055
29.239999771118164
29.90999984741211
31.270000457763672
33.63999938964844
35.65999984741211
34.33000183105469
37.849998474121094
30.690000534057617
31.799999237060547
30.270000457763672
31.520000457763672
26.450000762939453
26.280000686645508
23.31999969482422
24.149999618530273
34.369998931884766
32.93000030517578
37.810001373291016
35.84000015258789
36.22999954223633
38.52000045776367
37.95000076293945
36.529998779296875
33.61000061035156
33.310001373291016
31.510000228881836
29.56999969482422
26.940000534057617
30.09000015258789
29.420000076293945
30.90999984741211
32.4900016784668
33.470001220703125
32.560001373291016
31.049999237060547
32.88999938964844
33.689998626708984
32.16999816894531
35.2599983215332
37.029998779296875
34.5099983215332
32.63999938964844
33.77000045776367
31.93000030517578
34.060001373291016
35.18000030517578
35.61000061035156
37.93000030517578
37.91999816894531
37.47999954223633
39.36000061035156
37.70000076293945
38.77000045776367
38.2599983215332
39.790000915527344
37.25
37.34000015258789
43.27000045776367
35.02000045776367
36.91999816894531
38.81999969482422
39.5099983215332
35.849998474121094
41.66999816894531
34.58000183105469
34.61000061035156
34.209999084472656
34.77000045776367
37.459999084472656
39.16999816894531
39.439998626708984
46.599998474121094
44.9900016784668
46.709999084472656
39.779998779296875
37.349998474121094
36.34000015258789
38.939998626708984
40.720001220703125
43.38999938964844
52.970001220703125
58.0099983215332
57.720001220703125
36.720001220703125
35.84000015258789
38.0099983215332
40.869998931884766
43.709999084472656
47.720001220703125
52.16999816894531
51.66999816894531
37.02000045776367
33.97999954223633
34.810001373291016
32.47999954223633
33.209999084472656
33.45000076293945
35.08000183105469
34.18000030517578
34.77000045776367
34.56999969482422
30.479999542236328
33.459999084472656
28.770000457763672
27.479999542236328
26.09000015258789
27.829999923706055
28.360000610351562
27.690000534057617
27.989999771118164
24.989999771118164
26.350000381469727
27.299999237060547
29.059999465942383
29.09000015258789
27.850000381469727
30.360000610351562
32.61000061035156
30.950000762939453
32.29999923706055
32.4900016784668
32.91999816894531
31.18000030517578
31.479999542236328
28.969999313354492
27.90999984741211
27.059999465942383
29.8700008392334
31.920000076293945
33.15999984741211
38.560001373291016
30.729999542236328
30.809999465942383
33.59000015258789
28.68000030517578
30.610000610351562
30.459999084472656
31.84000015258789
31.280000686645508
30.510000228881836
34.70000076293945
41.61000061035156
41.54999923706055
38.2400016784668
34.91999816894531
36.459999084472656
45.2599983215332
53.119998931884766
43.33000183105469
42.68000030517578
43.04999923706055
46.099998474121094
41.9900016784668
48.709999084472656
37.25
36.38999938964844
37.66999816894531
40.27000045776367
39.7400016784668
44.72999954223633
42.0099983215332
43.0099983215332
42.91999816894531
36.529998779296875
32.45000076293945
33.81999969482422
36.279998779296875
38.619998931884766
36.790000915527344
41.529998779296875
38.90999984741211
45.81999969482422
45.560001373291016
51.25
48.119998931884766
54.81999969482422
45.060001373291016
41.34000015258789
37.119998931884766
34.650001525878906
35.5
34.72999954223633
32.56999969482422
31.1299991607666
43.720001220703125
44.40999984741211
43.58000183105469
41.06999969482422
41.220001220703125
43.220001220703125
42.52000045776367
39.58000183105469
35.2400016784668
41.41999816894531
42.869998931884766
45.2400016784668
53.380001068115234
58.939998626708984
50.97999954223633
41.650001525878906
35.04999923706055
40.56999969482422
37.849998474121094
40.349998474121094
40.290000915527344
40.599998474121094
44.08000183105469
45.84000015258789
43.41999816894531
45.2400016784668
42.279998779296875
34.77000045776367
34.290000915527344
35.66999816894531
38.099998474121094
38.290000915527344
36.13999938964844
35.560001373291016
38.900001525878906
39.41999816894531
40.790000915527344
44.0099983215332
39.83000183105469
35.13999938964844
33.2599983215332
33.290000915527344
32.75
30.290000915527344
34.65999984741211
34.2599983215332
45.61000061035156
43.36000061035156
51.93000030517578
56.59000015258789
61.38999938964844
67.98999786376953
57.66999816894531
54.29999923706055
66.43000030517578
71.37000274658203
73.66000366210938
74.83000183105469
66.91000366210938
76.29000091552734
84.5999984741211
90.81999969482422
94.12999725341797
97.83999633789062
96.11000061035156
94.47000122070312
77.05000305175781
99.2699966430664
93.4800033569336
94.11000061035156
99.77999877929688
104.94000244140625
98.19000244140625
93.95999908447266
71.9800033569336
103.29000091552734
98.58999633789062
83.0
74.19999694824219
27.280000686645508
30.09000015258789
29.889999389648438
24.780000686645508
26.329999923706055
25.719999313354492
27.1200008392334
28.290000915527344
29.90999984741211
32.04999923706055
33.2400016784668
29.510000228881836
29.829999923706055
28.920000076293945
29.969999313354492
29.18000030517578
29.110000610351562
25.139999389648438
25.3700008392334
22.209999084472656
27.059999465942383
27.670000076293945
25.469999313354492
25.8700008392334
24.989999771118164
25.280000686645508
28.8799991607666
25.40999984741211
25.479999542236328
23.8799991607666
28.360000610351562
30.15999984741211
29.799999237060547
27.989999771118164
29.469999313354492
27.799999237060547
26.56999969482422
27.549999237060547
27.93000030517578
26.049999237060547
26.31999969482422
27.040000915527344
25.799999237060547
24.18000030517578
26.770000457763672
24.520000457763672
24.059999465942383
25.0
45.029998779296875
46.900001525878906
44.380001068115234
46.040000915527344
43.529998779296875
41.849998474121094
44.16999816894531
42.83000183105469
44.43000030517578
48.31999969482422
47.66999816894531
48.16999816894531
46.720001220703125
44.7400016784668
39.34000015258789
36.349998474121094
34.7599983215332
38.20000076293945
37.65999984741211
37.209999084472656
37.11000061035156
39.150001525878906
38.5099983215332
37.90999984741211
34.060001373291016
22.68000030517578
34.400001525878906
29.579999923706055
50.540000915527344
29.3799991607666
27.610000610351562
19.15999984741211
27.780000686645508
39.97999954223633
35.68000030517578
42.349998474121094
25.739999771118164
26.3700008392334
30.350000381469727
30.440000534057617
35.68000030517578
36.97999954223633
35.34000015258789
24.6200008392334
30.360000610351562
40.20000076293945
36.88999938964844
36.349998474121094
35.77000045776367
49.380001068115234
39.470001220703125
23.969999313354492
41.150001525878906
18.270000457763672
26.079999923706055
38.43000030517578
29.149999618530273
43.52000045776367
29.940000534057617
31.8700008392334
22.84000015258789
36.29999923706055
27.600000381469727
24.530000686645508
38.15999984741211
34.709999084472656
39.29999923706055
35.06999969482422
34.06999969482422
34.33000183105469
33.47999954223633
55.06999969482422
35.880001068115234
35.88999938964844
44.7400016784668
38.63999938964844
42.220001220703125
30.559999465942383
28.030000686645508
27.510000228881836
32.310001373291016
28.600000381469727
41.40999984741211
49.130001068115234
31.459999084472656
39.439998626708984
31.829999923706055
48.41999816894531
41.619998931884766
35.4900016784668
35.95000076293945
32.93000030517578
38.38999938964844
38.2599983215332
36.11000061035156
35.959999084472656
28.6299991607666
45.27000045776367
26.68000030517578
29.1299991607666
39.939998626708984
45.65999984741211
50.45000076293945
42.25
26.780000686645508
33.31999969482422
45.38999938964844
36.18000030517578
34.83000183105469
35.439998626708984
36.7599983215332
35.16999816894531
33.310001373291016
38.0
39.93000030517578
43.02000045776367
32.16999816894531
53.869998931884766
42.72999954223633
32.130001068115234
