2.05
79.63
73.42
73.04
76.34
81.31
90.1
68.05
66.96
54.78
50.87
56.74
51.55
57.1
43.14
43.53
38.86
37.62
40.18
40.56
43.48
45.13
45.25
38.8
39.02
35.83
38.59
40.41
38.31
43.79
34.2
31.03
33.72
32.51
40.23
43.69
51.2
68.02
62.89
30.4
30.94
29.21
31.35
30.38
27.51
30.35
33.87
32.04
30.88
33.87
36.78
41.81
34.54
38.69
32.19
40.05
40.05
43.92
44.3
45.9
55.65
51.49
32.07
32.47
33.96
33.88
33.53
28.53
31.12
30.7
30.89
34.12
33.5
31.24
31.02
28.81
28.9
28.08
29.29
28.36
26.8
26.43
26.67
28.45
26.11
26.06
28.15
26.9
28.07
27.62
27.49
28.22
28.14
26.11
25.15
25.28
25.58
27
27.29
28.62
26.31
30.41
24.68
22.5
25.31
25.4
25.79
28.84
26.83
25.67
23.87
23.86
25.74
26.05
27.32
25.01
30.02
29.07
32.49
33.38
38.58
44.73
47.43
28.65
58.34
30.43
31.1
25.97
28.48
25.67
29.27
26.17
26.65
25.3
24.63
24.85
26.14
29.98
26.96
27.14
24.95
29.01
31.09
31.71
38.71
38.48
43.76
33.68
40.26
29.24
26.11
30.41
30.97
32.85
31.43
30.15
29.39
26.57
27.34
31.39
35.73
34.92
33.39
32.05
33.34
39.86
26.48
26.23
24.61
27.64
29.06
37.85
34.88
34.47
37.19
38.75
38.29
28.22
27.99
25.66
28.64
28.45
28.92
32.93
36.1
32.39
30.01
27.89
27.74
24.18
24.22
24.8
27.9
29.47
30.74
23.55
21.79
21.34
23.21
24.84
26.29
27.95
30.51
28.98
30.36
30.15
22.85
21.3
20.65
22.67
23.88
24.3
26.1
28.53
21.15
22.09
20.79
21.54
23.16
23.07
24.23
22.16
21.47
20.72
20.36
20.41
21.84
24.87
26.06
24.54
24.29
23.04
19.29
19.45
18.5
18.11
20.02
21.41
21.27
24.64
21.25
24
19.61
21.3
18.8
18.79
19.15
21.5
21.51
21.74
20.91
20.95
20.59
22.74
23.73
24.68
21.76
22.06
19.31
21.86
21.56
20.84
23.94
25.77
27.81
29.26
32.73
33.7
24.42
23.47
23.87
23.78
22.36
21.25
23.31
23.29
22.95
22.28
21.91
21.09
20.52
18.78
20.6
19.28
21.04
19.87
21.3
24
21.59
22.71
22.52
21.89
21.18
21.2
21.34
20.67
21.28
22.01
21.36
21.07
21.68
23.49
21.34
22.12
22.68
24.36
27.5
28.69
31.1
28.96
21.35
19.83
23.32
21.81
23.42
25.1
25.51
26.22
26.73
22.69
22.36
21.66
21.04
21.26
22.36
23.3
23.38
25.23
28.2
24.92
23.4
22.33
20.48
21.01
22
22.69
26.32
26.8
30.31
22.95
23.06
23.41
24.45
25.35
23.86
20.49
23.08
24.31
26.32
24.32
26.08
24.6
26.11
23.45
25.6
27.32
26.69
29.54
26.81
28.74
27.49
30.58
33.95
36.69
37.6
37.76
29.51
30.5
30.66
30.02
31.76
30.29
30.03
27.93
29.98
35.17
30.54
34.36
38.56
39.83
46.7
40.58
33.59
38.1
38.47
42.11
44.9
51.19
54.38
53.12
35.89
32.35
35.81
38.85
37.54
39.23
34.09
40.5
39.19
38.99
37.09
36.69
35.02
38.11
41.55
38.58
38.69
37.64
36.69
32.86
32.35
31.57
34.54
33.31
34.7
46.09
45.62
40.92
45.15
47.24
47.02
48.01
45.96
40.16
42.81
35.83
37.04
37.42
37.5
31.74
34.41
31.87
31.48
29.98
38.5
36.98
42.44
47.84
45.73
48.99
54.54
56.48
62.29
50.77
42.03
46.3
41.45
46.51
39.27
42.74
37.64
37.67
39.45
35.42
38.49
36.43
34.75
35.01
37.16
34.42
36.47
37.51
40.01
35.78
38.69
40.91
53.29
58.05
60.67
65.52
37.11
39.96
38.29
43.61
43.9
44.85
47.32
49.38
47.53
48.8
48.24
48.9
48.97
47.33
45.36
48.75
43.04
43.38
46.95
51.12
52.64
56.65
46.6
58.87
49.08
44.99
43.28
43.79
48.41
50.73
58.77
52.39
67.67
44.76
34.49
42.06
45.62
50.71
55.22
57.72
67.91
40.23
38.6
39.37
34.97
38.07
34.87
41.07
43.2
39.51
37.65
39
37.24
33.61
34.1
36.79
37.41
41.47
37.8
40.05
41.43
42.03
39.44
41.77
41.3
42.9
46.6
46.19
46.57
43.27
46.84
42.97
42.4
49.31
48.15
54.37
57.67
51.03
58.72
44.89
48.92
46.18
52.32
50.53
52.99
51.59
50.53
48.36
57.44
60.7
60.2
62.18
62.11
61.11
54.42
55.57
58.35
49.68
51.01
52.49
55.55
54.19
55.37
59.75
69.28
81
80.71
80.18
75.62
45.47
46.53
43.96
40.68
44.04
54.63
54.12
52.61
56.91
61.01
60.46
38.74
29.9
39.25
34.89
38.76
39.87
38.54
34.99
35.21
31.26
31.29
33.37
28.16
28.39
26.87
30.68
29.01
30.56
30.55
33.38
28.87
30.56
30.2
27.66
26.92
26.4
25.66
25.49
23.83
23.39
24.35
26.23
27.66
26.71
25.07
27.01
29.15
27.86
25.75
26.12
24.66
23.48
24.45
26.48
28.37
25.37
27.02
22.79
26.1
21.87
21.04
23.64
22.28
22.85
24.93
21.02
21.4
20.82
22.11
24.44
24.39
25.07
22.19
24.07
25.92
25.15
25.77
24.99
25.26
26.5
25.12
25.27
24.57
25.02
24.57
26.63
26.06
24.17
26.51
26.67
28.8
26.24
26.88
23.94
24.25
26.49
27.5
27.82
29.06
31.05
29.04
29.37
28.69
28.05
30.03
32.13
29.46
30.42
29.89
33.02
32.18
32.87
32.22
32.54
35.76
35.38
34.79
33.2
32.31
30.19
30.06
31.47
30.14
30.29
29.38
33.99
34.07
37.73
39.71
42.2
52.6
51.68
51.92
39.98
44.61
41.29
40.63
43.45
42.26
38.84
39.75
39.18
41.01
43.59
42.42
45.75
44.62
42.28
50.96
56.27
51.63
49.75
53.93
53.88
61.73
74.35
69.65
73.22
74.35
69.31
71.54
44.51
47.77
40.53
42.91
41.71
45.27
42.65
43.65
43.99
40.89
45
47.09
47.34
46.67
39.21
43.72
38.63
44.29
45.51
50.69
55.41
55.02
39.03
34.58
36.84
36.38
35.52
36.25
43.13
38
34.46
37.2
30.34
30.18
30.29
36.37
32.06
26.65
25.3
24.7
24.11
24.46
24.68
26.03
23.26
24.52
22.75
25.28
25.72
26.33
29.57
21.5
22.31
22.3
21.53
22.03
22.08
21.86
22.79
23.19
21.39
21.49
24.17
22.63
23.46
21.39
21.23
19.18
21.3
20.32
18.86
18.74
18.87
19.99
20.62
20.03
18.44
21.26
18.74
19.97
20.43
20.39
21.42
20.31
19.47
17.49
20.1
17.91
18.39
17.99
18.18
19.78
18.14
22.56
22.06
21.55
22.91
22.92
22.14
20.65
21.24
22
22.57
23.51
23.42
25.61
21.36
23.5
21.42
23.74
23.21
22.81
24.13
23.75
28.12
25.3
26.89
27.33
25.27
26.31
26.24
26.34
24.99
25.24
25.52
26.65
24.59
26.99
26.1
31.13
33.52
34.76
33.76
35.42
45.25
50.36
48.43
53.12
37.08
33.96
39.45
46.99
51.5
59.7
64.11
72.09
73.56
84.28
72
64.14
47.85
48.64
50.54
63.21
63.63
65.58
65.99
75.93
70.47
62.84
63.59
66.38
65.49
75.18
85.25
92.1
100.68
111.88
121.93
110.3
55.8
58.61
49.22
44.62
48.28
60.23
62.89
71.27
80.37
79.7
89.32
36.5
33.8
29
29.14
32.73
36.62
39.61
43.71
51.92
52.29
53.91
29.49
27.61
30.39
29.52
27.27
25.46
29.37
28.05
27.35
27.61
25.08
27.96
27.56
29.07
28.46
33.57
33.26
28.94
28.31
24.22
26.42
24.97
23.43
23.61
22.27
23.71
23.16
23.41
26.49
21.32
21.68
23.76
24.31
21.47
21.13
20.64
20.4
21.86
22.29
22.88
19.8
19.67
21.24
21.58
21.84
21.32
21.33
21.19
23.35
21.57
23.46
23.51
23.58
25.59
21.14
22.73
20.91
21.02
21.64
22.38
22.79
22.11
20.38
20.46
20.78
20.58
20.08
21.28
21.33
24.17
20
20.82
21.06
20.9
21.54
22.33
21.12
23.79
20.89
21.04
21.31
22.8
22.55
23.27
24.33
24.74
24.22
26.08
24.83
25.71
27.91
29.06
27.56
26.44
27.9
27.31
28.36
34.21
31.55
30.79
29.03
31.07
31.65
27.76
30.32
28.13
31.9
34.43
38.68
53.24
57.63
66.93
69.93
27.32
27.3
30.84
32.51
36.17
43.58
33.01
30.58
29.07
32.18
37.88
41.97
36.57
28.68
31.01
28.32
30.93
33.23
33.48
27.27
27.19
27.59
29.05
31.43
24.7
23.52
26.63
27.25
27.88
26.5
26.84
26.83
26.82
28.74
29.02
26.12
25.28
27.04
30.82
28.86
28.05
27.61
25.67
25.94
27.15
32.52
36.66
43.29
35.88
24.26
22.95
23.02
23.46
21.51
21.77
20.75
21.72
23.21
21.91
21.97
23.65
25.8
27.68
22.01
21.45
22.52
20.3
22.98
23.62
27.61
22.94
23.7
21.89
19.67
19.63
18.82
19.68
18.99
21.19
22.21
20.87
23.03
22.38
22.79
24.04
24.92
23.95
25.12
22.25
22.22
23.53
24.38
23.7
26.63
26.12
25.01
29.95
27.56
26.83
29.43
22.19
22.02
20.59
21.34
20.15
21.27
22.37
21.84
23.14
26.12
25.1
29.38
32.81
24.91
24.28
26.81
29.52
35.7
41.61
51.74
65.24
67.84
66.96
70.93
29.81
26.03
26.69
26.04
26
24.32
26.33
25.45
24.67
25.39
27.17
26.31
25.27
26.29
26.53
30.92
30.95
32.15
30.97
28.3
28.49
28.44
26.98
26.38
23.51
24.76
30.91
29.35
31.2
31.78
33.16
33.08
28.37
26.32
31.35
31.99
32.72
33.41
29.56
29.43
32.92
35.92
42.21
54.37
62.99
70.69
74
31.71
29.93
28.44
28.94
30.21
30.03
30.18
27.43
29.53
30.43
29.14
26.97
27.72
28.41
28.94
23.29
24.43
27.17
28.77
28.34
28.18
26.03
26.53
26.98
32.11
27.28
34.38
28.02
29.37
26.13
27.31
32.35
34.97
32.49
34.41
37.23
30.08
28.01
27.63
31.08
28.82
31.8
32.43
31.03
28.91
30.39
31.12
30.03
30.34
28.88
29.28
32.17
29.46
31.04
33.01
36.4
38.28
31.85
31.49
31.37
32.19
31.83
32.61
33.5
32.69
32.05
31.35
33.25
35.74
36.12
35.53
41.71
35.5
36.66
36.51
37.47
35.78
45.18
44.12
43.01
47.22
46.04
50.3
46.88
46.01
50.48
46.61
51.08
53.95
56.96
61.24
60.56
59.67
62.21
57.59
56.65
56.61
57.78
63.45
54.08
69.21
54.21
57.44
50.85
56.77
55.85
52.44
60.52
66.25
71.09
61.73
61.11
62.39
64.81
58.71
66.95
75.44
64.51
70.56
71.63
72.94
70.87
73.87
71.16
75.21
76.84
70.67
81.9
85.61
76.08
71.57
68.47
70.46
73.17
84.22
71.6
68.07
68.86
70.43
75.8
78.47
77.39
85.16
83.75
81.05
83.08
76.56
83.09
86.61
77.71
75.16
74.86
86.79
79.66
85.72
85.7
78.21
83.22
76.03
90.9
91.43
88.11
83.58
80.62
85.83
74.76
77.08
68.07
68.95
78.97
81.18
77.19
92.01
70.02
67.15
66.68
68.26
65.87
63.5
62.77
56.88
61.41
56.51
58.36
57.81
57.87
51.23
58.14
48.71
60.84
58.1
54.75
52.95
51.44
54.58
49.84
54.09
53.2
60.14
55.87
55.02
49.71
49.76
51.09
51.4
53.36
52.79
60.03
48.3
44.63
47.48
44.78
42.6
43.86
38.39
44.1
39.49
40.45
41.8
45.2
45.98
39.2
42.11
42.64
40.83
46.78
51.61
48.35
51.95
40.24
41.53
35.53
40.37
43.56
52.13
45.12
38.96
36.68
41.96
39.72
41.77
35.79
35.04
37.35
42.38
46.84
53.79
60.02
65.6
66.77
70.96
73.64
69.14
61.12
61.96
61.45
72.69
78.94
87.87
92.88
93.45
76.57
83
85.94
92.26
92.86
97.91
97.74
97.94
91.26
80.48
96.96
108.26
95.85
87.2
84.7
78.35
85.63
73.19
84.01
82.7
83.41
77.47
81.71
82.98
82.22
75.87
73.39
69.44
72.77
66.66
69.96
69.57
71.52
70.43
62.78
68.79
67.17
69.04
69.31
69.71
66.98
65.2
66.41
65.77
64.64
60.92
64.4
65.64
52.32
68.1
67.73
59.2
60.47
49.87
58.96
61.64
58.72
64.94
62.38
61.73
64.36
62.14
54.9
57.85
53.53
60.1
61.06
61.03
57.55
57.96
66.25
59.55
69.16
72.82
68.77
69.87
66.51
67.91
71.28
74.77
71.69
78.82
69.44
70.23
70.83
68.45
57.85
69.99
77
72.24
67.47
63.4
59.51
76.34
74.31
73.76
75.62
76.08
69.47
66.36
75.27
77.42
78.52
88.01
74.52
78.45
74.19
80.41
76.88
73.18
66.14
67.93
60.65
59.05
57.47
56.97
61.6
61.26
60.91
58
58.93
62.67
60.8
66.29
75.71
55.7
61.05
55.03
58.47
59.97
60.7
61.7
62.01
58.38
55.91
52.71
58.57
55.91
61.01
53.46
57.89
56.3
59.92
59.83
64.1
55.34
60.98
53.09
55.45
59.94
66.42
63.36
52.32
55.39
50.64
62.15
65.1
67.97
65.24
52.13
58.38
51.24
52.47
52.93
57.77
61.58
60.82
52.32
53.84
50.61
54.24
55.65
59.01
54.26
51.77
49.55
55.98
53.58
60.59
59.27
61.44
57.66
57.09
51.93
54.76
54.34
55.87
58.22
60.52
56.36
44.98
47.26
42.35
48.01
53.6
58.78
43.83
42.1
45.87
49.46
49.81
52.03
43.06
52.16
50.67
47.08
54.81
63.31
64.03
68.05
69.02
74.61
60.85
62.09
61.22
60.76
61.57
64.61
64.13
55.98
67.99
58.51
52
59.42
57.25
62.42
63.38
59.62
67.55
53.82
53.01
60.05
67.45
63.9
69.62
67.35
63.04
64.06
67.3
71.99
75.26
79.64
75.3
61.96
69.04
59.67
61.2
58.6
67.19
69.14
72.58
72.62
71.94
65.88
75.41
68.97
78.31
68.48
67.88
76.5
82.05
74.43
70.24
58.47
73.36
70.65
76.99
73.47
84.37
73.91
86.29
67.49
62.93
65.55
60.48
57.27
57.26
58.36
61.21
61.12
58.09
58.49
59.35
64.13
71.3
73.7
72.86
90.2
47.47
43.67
43.47
45.58
46.8
46.53
41.59
42.57
40.52
42.29
43.65
47.57
39.08
40.39
36.25
39.92
44.57
56.54
63.11
69.52
76.25
33.02
33.02
34.27
34.8
38.54
39.98
44.36
47.26
56.6
31.11
33.6
31.23
32.41
32.59
32.28
35.98
31.11
31.24
35.17
37.37
36.27
41.51
47.61
52.54
56.53
57.2
60.11
61.03
32.25
35.6
33.42
35.49
38.63
43.32
44.14
51.2
55
28.81
28.57
32.32
30.36
30.05
30.32
28.64
31.77
28.18
29.73
27.4
29.57
28.46
31.54
30.34
31.43
28.33
35.64
30.88
28.15
27.8
28.46
27.61
30.76
30.78
31.98
40.78
49.77
56.48
61.01
59.78
30.56
29.76
30.36
30.01
32.18
32.22
34.85
30.23
32.17
25.87
26.33
28.17
29.08
29.85
32.21
30.64
27.75
28.67
31.52
30.42
31.56
30.28
32
31.44
32.33
33.89
29.47
25.9
29.32
29.48
29.79
26.88
24.85
26.63
26.15
25.51
25.04
27.41
29.91
30.68
34.01
34.49
32.21
34.56
30.38
29.58
28.81
32.43
40.22
39.02
37.5
37.71
36.23
36.49
27.64
28.38
29.59
27.96
27.2
27.56
27.9
30.89
33.07
38.25
40.54
42.65
33.69
31.36
30.17
28.87
28.63
27.94
27.76
30.58
28.54
28.31
30.35
29.5
27.78
28.39
29.97
32.36
27.9
27.1
28
28
30.15
28.83
28.24
28.91
31.45
34.48
35.37
40.47
40.39
33.37
32.24
28.06
30.27
32.59
32.56
33.12
33.53
38.17
35.73
37.26
29.07
30.66
28.79
31.92
31.64
33.16
32.82
33.12
31.43
30.76
34.42
32.08
36.02
30.98
33.73
30.54
33.6
34.53
33.8
34
35.21
30.49
31.1
33.45
31.33
38.69
30.24
34.73
31.56
33.95
39.3
46.6
47.34
30.54
29.6
28.61
29.95
31.84
31.71
33.84
34.04
36.89
37.3
37.68
30.84
29.37
27.44
32.87
36.37
37.95
33.14
35.48
34.51
38.77
42.72
37.72
35.25
31.27
33.01
32.91
36.16
31.97
28.61
31.11
26.67
29.12
27.4
27.21
28.14
27.54
25.81
25.81
25.93
26.9
28.74
26.04
26.78
26.81
25.36
24.88
23.51
24.01
27.77
23.51
24.7
30.69
29.54
31.12
32.33
31.61
29.33
30.37
30.88
34.96
28.62
26.85
26.95
29.5
28.12
28.7
28.97
29.78
29.38
29.38
26.39
28.01
26.68
26.6
26.18
26.77
29.72
28.4
25.19
25.84
24.99
25.87
25.84
24.46
23.83
24.11
24.97
27.64
26.18
25.59
26.33
28.45
32.93
36.48
41.53
38.56
44.25
25.83
25.2
24.55
25.8
25.11
24.08
25.07
26.94
27.61
33.28
31.3
32.73
35.09
32.6
32.22
26.65
23.82
28.55
29.51
30.86
31.25
31.15
32.13
30.18
29.74
30.94
33.78
33.75
36.46
36.54
38.78
43.48
43.88
46.2
35.94
43.62
32.34
34.13
30.65
31.18
32.19
36.39
40.85
33.54
35.56
30.67
34.03
37.08
38.66
36.89
38.2
39.57
42.55
43.46
42.2
43.5
38.83
34.8
36.98
36.35
38.61
32.26
39.54
38.41
36.8
36.65
38.14
31.49
32.74
34.04
30.84
29.32
29.16
28.11
27.92
29.92
29.96
28.64
26.03
26.17
23.82
26.76
27.43
27.34
35.1
26.51
23.17
24.1
24.22
26.77
25.65
23.84
23.94
22.54
23.55
22.56
21.21
22.14
21.8
22.35
21.73
21.15
23.36
22.7
20.41
24.79
25.52
29.37
28.14
27.75
28.17
30.48
32.14
27.68
26.95
28.74
27.84
26.94
24.84
26.76
24.24
24.56
28.54
25.6
26.68
26.4
26.31
27.79
27.24
27.41
27.03
33.02
32.86
32.65
27.44
31.94
30.24
31.61
33.4
39.91
42.26
40.59
32.24
29.78
30.55
29.31
28.43
29.23
30.68
27.75
28.49
32.02
30.25
30.96
32.75
33.53
29.8
44.53
34.51
29.06
32.36
35.61
39.04
36.29
40.59
35.53
33.72
33.75
32.99
36.09
33.44
33.69
36.05
34.93
35.47
35.65
33.42
33.77
36.21
33.87
32.75
31.66
35.68
36.59
36.29
33.21
36.21
38.69
43.7
42.48
38.82
37.16
34.66
33.62
39.61
36.74
45.27
47.48
47.59
46.34
43.2
51.61
57.09
49.08
47.15
50.36
59.32
53.3
45.09
40.59
43.03
39.5
40.53
42.04
43.45
36.56
37.62
33.54
32.82
34.37
37.2
33.73
40.86
32.86
31.09
31.02
30.97
29.83
32.92
33.37
28.46
28.7
27.43
27
29.15
28.31
26.93
26.33
24.32
21.67
24.19
24.13
21.54
25
23.64
21.38
23.28
20.57
20.39
21.55
21.99
22.6
22.46
21.21
23.1
22.65
21.26
21.41
19.86
21.32
20.74
20.79
21.74
22.91
24.14
22.17
22.71
26.03
24.52
23.24
23.13
24.34
24.64
24.72
27.51
26.77
26.55
29.94
27.28
31.42
29.65
29.28
34.02
30.97
34.71
29.38
32.96
40.66
53.42
33.13
32.04
28.64
29.4
34.01
35.19
34.88
32.08
29.01
27.43
26.81
27.86
28.82
28.18
31.46
26.75
25.85
26.37
29.21
30.59
33.9
32.83
26.37
26.86
29.45
35.11
36.86
42.81
53.85
55.59
66.13
33.3
30.78
28.31
25.98
26.02
29
29.79
29.1
29.26
25.83
28.89
28.14
28.36
26.44
27.46
27.41
29.91
27.52
29.37
33.69
36.21
41.49
43.12
44.91
45.24
32.02
32.59
34.29
34.45
35.41
36.83
42.96
41.75
39.99
38.03
33
33.79
31.56
34.76
36.26
37.9
41.26
40.35
33.32
32.22
35.35
39.74
42.77
50.45
65.76
75.12
80.53
80.37
84.85
40.73
39.82
35.62
35.84
35.24
34.23
34.98
34.82
33.32
37.26
34.22
37.79
41.21
43.51
47.25
45.65
39.5
39.11
36.83
41.34
40.76
39.46
39.18
48.74
47.34
48.95
50.71
55.3
49.77
49.58
48.11
51.64
59.54
60.81
63.57
57.68
49.41
53.99
46.28
40.39
45.89
49.78
49.76
33.64
31.24
35.57
36.35
37.71
35.57
36.3
38.02
32.52
32.54
34.03
32.7
29.13
32.18
33.53
34.31
37.92
30.41
30.72
29.39
27.04
28.48
31.49
32.02
30.11
28.66
28.36
30.1
30.18
28.61
32.47
30.74
30.47
30.58
30.8
28.12
28.32
32.31
36.36
36.37
27.12
25.14
24.67
26.66
26.62
27.89
28.78
29.44
27.53
29.29
26.91
25.85
29.14
24.8
28.84
25.03
27.41
28.71
28.81
27.94
27.71
29.88
29.68
29.88
30.08
31.8
33.11
31.08
31.65
34.07
32.61
33.54
39.57
42.69
46.34
47.34
49.32
45.87
44.79
45.71
36.3
38.96
34.12
35.74
43.81
42.97
43.71
50.3
36.73
36.51
38.04
40.99
41.6
43.12
38.54
38.74
38.52
42.25
45.64
39.3
40.41
37.8
40.49
36.47
37.55
36.83
34.31
33.52
39.55
40.62
38.23
33
31.04
33.75
32.15
32.11
30.41
31.62
30.47
36.14
31.46
36.05
33.27
30.81
34.73
35.11
36.08
39.11
39.39
36.3
36.63
33.94
33.53
39.51
42.76
42.86
46.35
45.17
44.22
30.02
30.44
29.55
31.51
31.68
28.92
30.37
29.16
32.98
31.62
30.64
30.98
29.39
30.03
26.43
31.99
29.91
33.43
26.66
25.89
26.02
26.78
28.13
28.43
30.44
27.36
26.58
25.86
25.53
24.35
22.99
24.36
23.72
26.19
29.1
29
30.48
30.62
35.28
36.08
34.69
36.79
36.56
40.88
32.15
29.9
32.77
32.53
38.17
47.54
51.43
56.79
56.41
47.95
65.1
31.84
28.33
29.75
29.24
29.15
28.79
29.54
29.62
25.05
26.41
26.91
28.8
27.51
25.02
25.06
25.03
23.9
25.4
25.29
30.54
26.77
31.7
31.31
31.9
32.59
34.93
40.64
31.01
30.77
30.11
30.13
32.68
31.89
29.77
29.77
29.04
31.17
31.6
28.15
28.08
31.58
33.87
36.62
36.98
37.44
43.83
37.34
28.43
24.74
27.05
26.58
25.87
28.73
25.14
28.96
24.2
24.45
25.7
23.96
26.5
22.32
24.16
24.99
26.39
27.94
27.59
26.25
27.07
29.56
29.48
28.46
32.1
28.08
29.97
31.33
26.64
28.32
28.17
28.94
27.74
30.88
28.5
30.25
32.07
30.12
30.25
28.41
26.27
28.84
23.72
32.45
34.59
42.04
48.68
56
65.31
73.82
78.01
45.87
42.83
53.75
55.65
59.42
70.96
73.03
76.6
78.56
54.26
56.27
53.52
58.72
61.84
61.71
64.62
72.58
73.64
48.89
42
43.53
45.01
51.51
59.51
65.8
74.01
76.65
38.25
32.87
39.15
38.34
41.31
41.47
46.04
41.84
39.02
39.7
38.94
40.76
46.75
41.38
36.21
37.79
36.14
38.47
37.8
43.98
45.66
49.7
48.97
35.83
36.93
35.22
37.61
38.07
36.38
31.68
34.54
37.81
39.79
38.77
45.45
46.21
40.7
42.38
48.95
35.97
35.89
36.75
35.2
37.22
38.59
43.07
33.56
40.61
40.55
36.33
34.26
35.31
37.62
42.53
42.51
44.61
54.88
47.33
40.33
33.87
32.36
31.69
33.43
33.53
33.4
33.55
35.95
33.56
38.49
36.36
39.3
36.72
38.42
33.03
33.3
35.56
33.78
36.55
35.32
35.55
36.18
32.21
33.35
33.58
34
37.38
32.8
30.63
33.17
30.18
30.22
30.94
30.35
31.05
31.47
30.14
31.74
36.14
35.76
35.42
32.3
36.65
32.42
33.47
35.75
38.17
37.07
33.47
37.62
35.36
36.81
33.13
33.48
28.05
28.85
30.6
33.77
35.17
31.83
30.72
31.96
33.36
29.35
31.67
30.41
31.86
33.77
34.75
38.29
35.03
40.24
33.66
35.65
31.72
33.39
31.76
34.2
33.5
38.41
33.62
38.41
41.06
40.67
40.91
39.25
44.67
47.48
46.54
47.52
45.92
39.15
44.95
43.33
48.37
46.23
50.91
53.68
46.39
40.48
44.38
44.22
48.09
48.06
56.16
39.1
36.02
41.4
43.01
39.25
37.31
40.32
40.11
40.92
40.35
42.28
38.43
39.7
39.74
45.38
38.39
47.89
52.4
48.28
49.15
48.74
54.63
53.88
52.25
51.7
57.49
64.53
72.48
75.79
75.85
53.97
46.54
51.47
47.76
44.43
40.02
42.74
40.93
41.12
43.62
40.7
42.84
39.93
37.16
35.81
38.85
40.4
37.4
36.41
39.65
39.53
39.05
42.41
40.67
46.95
56
60.42
64.31
61.44
41.58
42.24
38.07
39.84
38.99
45.25
39.86
41.79
45.13
38.65
39.36
43.71
53.18
62
68.22
71.8
40.6
42.25
44.07
45.29
45.63
47.27
50.85
45.06
44.75
43.22
45.85
43.06
44.61
43.65
45.22
46.85
45.88
53.22
48.78
66.9
71.19
73.28
74.6
79.41
75.78
64.83
79.99
68.03
71.3
68.09
71.36
71.07
88.19
65.16
57.82
61.84
69.69
76.78
72.46
71.49
71.9
74.74
57.25
55.6
47.69
47.76
48.89
47.2
52.91
43.27
48.28
49.91
49.31
50.87
44.65
40.36
44.69
44.84
47.6
49.55
49.68
43.01
39.74
47.18
49.42
52.39
52.12
53.97
53.19
50.3
51.94
51.63
54.69
58.61
59.87
53.57
62.51
51.75
52.33
50.14
51.64
60.68
67.95
71.97
75.68
79.47
80.74
84.42
48.97
49.79
45.17
45.28
42.09
45.21
44.96
49.88
44.29
44.39
45.71
47.55
46.39
45.88
46.38
51.4
52.6
52.27
24.28
24.32
23.36
21.48
23.11
24.34
20.4
19.78
24.51
22.79
22.66
53.63
52.11
49.31
53.53
47.7
50.24
52.4
50.18
58.75
53.57
49.51
45.19
52.23
47.06
58.37
62.27
59.21
52.31
54.28
55.34
49.7
60.31
51.63
46.93
33.4
30.72
34.41
29.73
33.35
52.59
33.42
33.94
28.6
27.16
48.97
26.51
25.76
34.5
45.62
38.34
36.2
36.55
19.8
32.12
25.82
29.97
25.2
39.59
23.04
17.65
33.8
41.79
63.44
49.94
41.41
26.69
29.98
35.65
34.3
55.64
48.88
37.7
27.87
32.77
45.01
31.81
35.12
29.47
28.42
41.55
28.75
27.46
44.17
39.14
23.45
24.15
46.8
36.83
32.17
46.04
30.08
19.28
29
45.45
42.31
50.93
43.64
37.81
21.91
35.95
48.73
47.06
45.43
23.23
42.07
33.3
28.88
27.48
41.53
25.77
50.58
37.38
39.69
42.21
41.27
39.34
25.52
48.24
41.25
27.68
21.72
28.76
31.63
43.44
34.95
59.72
33.57
34.62
42.79
36.72
34.13
34.52
44.36
41.44
36.34
23.86
21.45
26.25
27.41
39.33
41.74
47.24
25.22
30.23
34.61
55.18
45.64
47.91
50.52
52.2
41.56
54.76
44.13
47.39
48.77
27.37
41.1
58.66
21.76
49.19
40.69
45.03
43.77
37.46
39.71
49.03
48.15
46.42
48.91
41.59
55.2
49.49
56.22
42.83
35.53
25.56
36.36
38.59
36.61
37.36
44.98
38.54
39.57
40.6
30.67
41.93
43.86
35.5
41.09
40.56
49.3
66.4
49.14
44.11
56.95
55.67
48.41
41.3
46.27
34.51
28.65
36.72
47.58
45.24
56.68
29.04
56.08
53.35
51.9
49.65
48.37
53.48
49.8
57.08
22.01
48.27
49.73
23.59
42.16
41.6
55.41
49.53
42.45
51.44
45.61
42.05
39.13
34.9
42.16
60
41.1
44.16
28.04
46.16
23.72
49.48
56.57
52.51
32.56
55.9
38.76
41.42
