2
91.18
90.84
87.4
87.8
86.36
87.38
88.33
92.36
85.75
84.68
82.49
81.62
78.03
76.06
79.82
69.1
79.49
86.19
89.7
89.96
88.9
88.1
105.04
84.27
85.95
80.54
80.98
76.47
89.58
90.45
87.47
86.95
88.53
85.66
84.27
85.97
83.48
76.32
61.77
68.78
62.95
64.2
58.57
68.37
58.68
60.85
52.68
49.57
46.62
48.54
44.63
49.39
47.46
44.42
55.06
56.2
60.88
64.79
70.13
74.12
74.02
54.49
51.78
45.72
46.47
40.78
36.21
32.32
32.52
29.81
28.48
27.95
26.53
29.35
33.72
27.22
25.28
28.12
26.99
24.23
32.43
22.73
22.01
23.52
25.57
26.12
26.62
25.46
26.28
27.17
30.91
25.16
25.2
24.15
24.07
22.01
21.33
20.27
28.56
27.34
26.14
25.93
28.02
30.64
33.02
37.3
43
24.03
22.15
22.77
22.65
22.73
22.85
24.11
23.36
22.22
21.91
22.31
21.33
22
23.22
21.02
22.31
22.71
21.54
21.83
22.18
23.58
27.13
25.18
18.07
19.8
18
18.28
18.07
17.15
18.29
17.34
18.63
18.3
17.54
16.53
17.68
17.37
18.74
19.15
17.01
17.55
20.14
20.77
23.09
25.69
27.49
33.3
24.6
22.75
16.81
17.13
17.48
17.62
17.24
16.59
18.19
18.89
18.64
19.92
19.91
20.51
20.72
21.55
21.59
20.56
21.34
20.38
19.58
20.01
18.74
19.71
19.69
19.68
22.91
23.18
25.03
20.68
20.67
19.69
18.08
16.82
19.64
18.21
18.95
20.8
19.02
22
22.08
22.39
21.53
21.38
19.77
21.01
21.71
23.04
26.58
30.66
37.3
44.36
49.16
25.67
24.4
25.59
23.95
25.05
26.39
25.14
26.69
25.97
21.49
24.35
24.97
29.39
32
23.2
23.67
24.08
23.71
25.11
26.73
27.9
27.33
24.53
24.63
24.99
24.48
25.13
23.91
24.77
26.48
30.88
29.53
33.64
37.88
45.82
54.78
58.52
60.58
39.26
39.91
39.92
43.55
44.14
45.33
40.71
44.99
47.69
51.45
55.72
63.99
58.39
56.32
44.11
38.6
42.6
40.08
42.59
46.7
38.29
37.02
34.02
34.62
33.8
31.69
30.82
33.39
33.96
33.35
35.37
34.55
29.7
32.44
29.67
27.82
26.71
27.81
30.8
29.41
25.98
23.77
25.19
26.9
29.92
32.41
32.77
33.12
34.45
33.62
36.71
23.91
26
22.23
22.53
24.36
24.88
25.47
21.4
24.56
19.9
21.35
21.88
21.88
20.15
23.14
22.48
25.92
22.97
22.83
20.25
24.38
19.74
19.82
20.12
19.58
21.81
19.68
22.15
21.72
24.33
29.99
37.21
43.16
41.44
47.71
22.12
19.95
21.24
21.42
21.19
20.55
21.38
23.59
21.44
20.97
21.12
20.95
22.4
22.43
22.54
20.88
23.01
24.14
21.27
24.7
29.66
33.39
40.08
48.44
48.37
51.03
26.46
26.39
26.68
26.92
26.93
28.59
27.06
27.88
25.97
27.79
26.61
27.44
28.95
27.24
29.89
28.21
32.46
34.7
34.49
36.07
34.3
33.6
34.53
34.64
34.94
40.79
50.94
58.79
56.75
64.75
34.24
31.85
30.3
28.08
25.97
26.37
22.53
24.15
25.23
25.32
24.86
27.99
26.08
20.96
27.1
31.3
31.31
36.73
38.27
36.84
30.47
32.27
30.35
32.67
36.97
46.71
51.34
50.06
55.82
28.61
28.97
27.83
25.14
22.95
23.43
22.32
27.22
25.99
25.15
24.3
26.38
29.55
33.88
36.08
35.3
24.81
24.27
27.07
28.76
29.23
29.88
31.82
30.32
27.29
26.83
29.07
30.71
30.65
36.67
40.08
42.39
39.24
27.52
26.03
31.79
33.44
35.55
38.25
42.04
42.37
42.71
33.04
31.66
33.19
36.59
40.14
43.2
44.52
46.34
47.26
42.73
41.57
43.67
45.33
47.19
38.07
38.92
40.77
45.72
51.82
54.77
55.99
54.86
52.74
47.17
42.98
48.27
45.46
45.08
50.8
55.95
49.04
43.18
45.53
39.17
41.99
45.75
53.51
44.47
46.77
54.91
62.38
67.51
75.19
74
40.18
32.63
36.39
36.62
36.39
35.92
35.24
34.51
32.48
33.26
34.74
34.44
34.05
35.68
38.27
38.97
44.52
47.01
50.25
46.13
36.19
39.02
34.8
35.01
39.13
46.41
50.39
54.56
62.6
35.54
26.97
35.62
39.86
46.23
52.14
60.15
66.89
70.6
38.85
39.4
35.62
35.59
41.03
40.65
44.96
42.14
34.23
33.03
32.51
32.45
35.6
36.95
39.57
38.87
25.74
25.03
23.03
24.91
24.41
26.54
26.73
25.96
27.9
31.59
36.2
41.95
46.73
42.9
26.7
25.53
24.88
30.76
35.27
41.61
48.3
52.27
52.4
27.5
26.54
28.8
30.5
29.35
29.77
32.67
33.18
31.36
37.94
39.1
43.97
48.2
55.2
59.04
63.82
39.68
37.63
42.32
39.46
39.86
45.32
39.53
46.09
35.93
45.02
38.68
38.87
40.88
45.1
41.72
38.89
38.11
32.17
26.62
27.85
27.08
27.85
26.53
26.07
26.18
26.05
26.77
28.12
25.62
23.1
22.85
23.61
23.52
22.83
24.32
24.74
22.64
22.87
21.95
21.9
26.09
30.45
35.37
45.23
51.97
57.04
58.48
28.07
27.14
28.51
35.64
37.13
40.12
39.29
39.9
42.85
46.36
58.4
66.87
72.49
84.82
87.79
89.21
70.69
70.16
71.11
67.64
63.7
68.53
71.39
70.07
72.68
76.47
77.69
78.47
76
68.24
63.91
63.5
64.04
61.26
62.71
60.43
63.04
58.57
53.37
55.78
57.52
58.47
62.09
60.94
56.31
60.64
52.46
55.54
47.26
47.65
49.83
55.92
50.43
48.69
37.03
35.98
33.25
34.12
41.51
48.71
55.44
60.63
62.2
29.33
25.31
24.95
26.89
28.28
24.99
29.59
23.99
23.58
25.72
28.36
30.49
32.95
33.53
34.76
25.87
24.16
23.02
24.2
24.15
25.11
25.83
24
25.41
25.79
27.42
29.21
30.04
33.03
31.45
29.48
27.81
27.59
28.22
30.67
30.14
34.32
28.85
26.13
23.02
24.88
24.42
23.62
22.84
22.23
25.51
24.54
23.97
24.98
25.93
25.72
26.34
25.24
26.14
27.3
26
25.3
24.28
23.4
23.13
23.51
22.64
24.81
23.86
23.98
24.15
21.73
26.79
31.02
33.99
43.44
48.03
52.87
54.44
26.73
26.8
28.61
28.6
33.27
40.05
46.5
52.26
53.6
25.82
25.02
23.46
22.15
23.1
23.49
25.61
26.44
27.77
28.13
27.12
23.59
21.13
18.84
19.92
19.17
19.4
21.36
23.39
20.53
18.1
15.01
17.98
18.98
20.08
21.67
23.22
20.7
20.33
22.21
20.31
20.58
19.56
19.7
16.66
16.45
18.48
18.13
20.05
21.09
20.98
22.54
23.75
24.99
27.22
24.57
24.6
25.49
27.26
30.75
32.12
33.85
37.25
32.51
28.84
31.71
35.17
34.12
39.9
45.5
45.39
52.82
37.4
40.16
42.23
47.18
48.46
51.67
52.58
44.84
50.59
50.63
47.61
49.77
46.01
46.76
50.06
46.65
48.68
52.24
49.77
59.1
47.44
55.88
61.12
59.69
61.46
63.78
66.86
69.69
59.28
64.92
56.52
52.07
54.07
50.7
54.95
51.81
47.42
52.65
49.09
51.46
49.67
48.17
49.52
45.66
52.5
44.92
50.97
49.84
48.36
50.07
44.04
44.04
53.52
46.64
41.73
43.76
43.01
44.81
53.01
43.97
47.38
32.84
33.83
38.01
42.33
44.42
48.22
31.26
28.61
27.94
26.21
27.25
26.89
22.32
23.38
22.04
24.48
24.39
21.64
21.68
18.3
18.97
18.26
17.7
17.01
19.65
17.53
18.59
17.96
19.98
20.31
20.64
23.02
17.82
15.88
18.96
18.13
18.87
19.25
20.2
19.19
19.26
19.95
17.78
20.4
18.24
20.7
17.32
18.26
19.07
20.56
21.51
22.65
25.49
25.74
25.16
26.63
23.27
25.93
20.51
17.21
22.5
24.6
26.68
26.9
28.59
23
25.86
24.6
26.36
26.49
26.23
25.83
28.08
30.42
27.32
36.33
42.3
53.15
60.13
68.24
63.58
38
33.62
37.61
37.69
40.98
41.99
38.87
35.65
44.71
33.45
32.3
34.1
33.35
42.56
42.5
37.1
27.88
38.78
40.66
45.14
42.33
45.35
48.91
35.74
39.88
37.34
41.3
48.88
58.47
68.89
72.47
69.95
37.27
35.69
30.67
30.75
27.35
26.05
25.26
28.42
30.89
31.61
28.92
30.05
31.1
32.61
31.14
35.03
41.3
45.01
53.99
58.97
62.44
65
34.82
31.79
30.62
32.82
35.85
39.21
44.04
45.64
47.35
29.52
27.73
24.21
23.89
22.38
22.01
23.55
20.53
21.45
23.54
22.36
26.96
28.76
29.67
32.91
33.36
37.92
37.55
38.03
35.38
33.34
37.07
39.95
46.17
52.12
60.31
63.4
65.62
39.25
40.04
38.7
40.05
42.17
41.25
44.58
38.39
43.73
43.85
46.17
45.18
42.23
47.5
42.8
51.5
52.36
56.44
61.96
66.41
70.85
72.49
48.92
50.24
46.18
51.7
56.67
49.56
56.25
45.87
43.87
46.96
47.3
47.47
45.23
36.86
34.89
37.67
37.33
37.32
35.45
36.87
32.44
35.1
31.43
28.93
27.99
29
31.53
36.96
28.05
31.97
23.9
24.5
26.37
27.24
30.36
32.39
30.12
29.63
24.08
22.6
24.45
22.63
23.09
20.78
23.14
23.69
24.19
19.59
22.59
23.67
26.4
31.08
33.8
36.17
37.42
34.01
38.86
25.26
22.66
22.41
21.84
21.74
21.72
22.8
23.18
23.19
20.2
27.18
24.13
25.14
25.56
27.32
23.61
23.31
22.95
22.54
22.96
22.92
23.11
22.36
22.87
25.12
24.24
28.12
27.11
26.23
25.82
25.06
27.14
24.73
26.18
25.48
23.91
26.33
25.16
24.15
26.02
28.2
26.29
29.84
31.53
33.07
30.95
28.16
27.36
30.32
29.58
27.64
30.99
29.25
29.7
36.52
27.09
24.85
26.59
29.09
28.45
32.82
31.64
31.33
31.28
30.18
33.77
37.48
39.93
48.22
54.57
59.26
59.08
36.52
39.78
33.2
34.9
34.1
35.7
37.36
37.84
44.13
47.71
51.22
58.59
50.65
38.75
39.68
34.66
31.95
30.57
31.57
29.65
34.58
28.75
32.48
31.14
28.82
28
28.28
26.68
28.97
35.34
32.35
41.01
51.55
55.23
51.88
62.04
57.91
55.01
61.52
81.21
85.2
81.43
77.15
81.2
89.27
81.8
86
84.34
76.84
73.19
75.62
75.19
85.18
78.3
91.39
94.74
97.26
93.03
94.88
91.52
91.55
89.98
82.04
80.3
77.54
70.85
73.81
56.49
50.49
45.53
43.47
41.58
43.94
44.72
44.91
43.2
41.89
46.46
48.77
46.49
61.8
38.68
38.44
39.12
45.57
50.08
55.06
51.68
54.95
47.57
43.79
45.77
41.65
45.83
48.32
54.56
66.16
53.92
35.96
36.3
34.82
34.91
39.37
47.31
51.68
58.36
58.58
32.8
28.41
28.09
29.32
27.49
30.24
28.36
27.87
25.07
25.35
28
27.8
24.33
24.64
22.83
22.98
22.47
24.54
21.34
21.63
21.63
19.63
22.08
20.86
24.18
21.35
21.38
22.44
23.03
23.47
23.19
22.73
23.33
22.77
22.99
24.26
24.17
19.87
22.48
18.95
19.91
21.17
22.22
24.82
25.59
26.24
28.99
25.35
24.29
18.97
19.04
19.49
19.64
19.29
19.09
18.42
18.42
19.5
18.91
19.97
18.8
19.72
20.1
18.55
19.15
17.9
18.99
17.78
18.42
19.39
19.5
19.01
18.45
20.79
22.43
22.39
20.68
19.32
19.53
19.98
20.32
20.28
19.89
20.36
20.02
21.74
22.85
20.18
24.26
26.35
28.36
26.83
26.43
31.79
27.97
29.65
31
32.66
33.9
37.05
30.04
27.34
25.65
28.94
26.71
28.35
28.69
29.34
28.78
26.2
28.12
28.49
30.84
35.6
26.68
28.07
24.64
26.12
25.96
26.58
25.87
27.68
27.7
27.28
23.08
26.5
24.57
24.26
22.17
25.55
27.7
28.28
33.36
40.56
41.61
41.7
50.83
46.15
40.05
36.27
37.59
42.96
43.16
40.75
35.65
38.93
42.9
47.5
48.98
54.64
51.49
43.93
45.16
44.73
38.47
38.94
41.26
41.31
36.91
38.92
34.41
36.36
34.38
32.79
32.11
33.1
31.9
34.36
36.1
35.32
28.54
29.52
28.24
25.95
26.88
29.4
28.65
29.95
24.41
23.61
25.72
26.76
27.02
30.93
31.59
34.46
34.75
36.94
41.02
25.38
26.56
23.87
24.76
26.89
31.02
31.12
23.14
20.6
21.78
23.34
23.74
25.13
24.57
25.93
25.31
26.61
26.24
26.92
22.61
21.09
20.92
21.93
21.77
22.84
22.84
22.1
20.57
23.95
25.18
29.82
34.27
38.81
40.79
40.78
21.91
19.82
21.81
22.86
22.22
23.54
22.25
23.03
24.69
21.32
21.34
22.59
24.74
25.92
28.35
31.32
25.86
26.93
25.96
29.71
35.32
36.79
39.76
37.72
38.97
38.3
34.38
33.2
39.18
41.17
41.84
41.47
40.42
41.04
39.91
41.74
46.46
45.44
42.97
44.96
50.16
45.07
63.62
68.7
68.91
68.2
67.45
64.38
61.06
60.11
57.98
60.09
66.69
67.7
67.23
71.93
51.73
52.9
46.02
44.01
38.55
36.67
35.35
31.82
30.18
33.84
30.29
34.01
32.47
27.91
30.6
32.27
35
36.43
37.13
35.61
34.78
34.9
32.68
33.17
41.13
50.76
57.26
56.14
63.59
29.68
27.9
25.77
28.13
26.81
30.35
26.72
31.98
24.69
26.21
23.34
25.14
25.64
29.26
32.77
31.01
22.04
22.38
22.26
24.89
26.51
30.47
31.72
32.13
26.29
23.7
28.87
29.53
32.54
36.3
36.75
42.27
36.39
29.48
26.57
31.48
35.67
39
36.78
38.73
40.22
47.52
37.99
39.79
41.1
48.08
52.82
61
62.81
70.39
68.91
63.25
63.15
67.22
68.09
67.51
50.15
51.87
51.7
59.09
60.16
64.88
67.63
78.4
68.2
62.28
51.95
69.98
65.13
66.87
66.51
66.96
55.89
63.65
61.4
60.15
61.33
60.66
61.89
58.22
56.26
57.75
63.25
69.07
71.77
59.36
46.72
37.4
44.36
40.87
38.52
37.13
41.61
43.04
43.86
43.04
47.24
43.48
40.35
39.79
41.77
45.16
49.48
51.52
57.02
50.84
42.98
42.19
42.13
39.08
40.92
45.72
45
48.54
50.48
36.25
31.99
38.2
39.49
43.24
48.46
55.36
63.05
66.13
38.77
40.68
34.06
35.55
36.93
39.23
35.87
42.15
33.11
30.62
33.01
34.62
37.94
41.03
37.76
45.99
30.85
30.02
30.59
30.39
30.41
30.71
28.91
31.43
34.12
37.66
44.56
51.72
53.95
57.47
29.78
28.78
30.72
35.19
42.7
48.6
56.73
61.61
69.58
31.12
28.67
32.23
33.35
32.32
32.61
32.8
36.44
30.66
40.58
43.01
47.85
54.14
61.04
67.01
68.05
45.29
46.73
44.7
42.72
42.29
39.48
41.72
38.77
42.49
41.34
43.96
42.03
42.89
41.72
42.77
42.44
42.22
35.61
35.27
35.69
30.31
32.33
26.18
26.98
31.04
30.58
29.75
28.61
26.21
25.93
23.81
23.55
24.16
25.74
28.03
26.43
26.47
26.31
24.36
24.83
26.47
31.3
36.94
45.13
56.28
58.66
60.18
31.5
30.7
34.12
38.27
40.32
39.68
41.86
45.56
45.32
44.65
50.71
59.62
71.46
77.84
74.62
82.75
54.29
52.82
46.93
43.34
43
43.95
45.28
42.66
42.3
42.58
43.67
43.85
41.97
45.49
45.09
45.02
47.35
47.6
48.9
52.5
41.98
46.37
49.69
48.23
50.98
55.66
65.59
71.13
69.43
75.38
44.85
40.93
37.68
36.18
40.81
42.78
48.61
43.08
31.78
32.92
28.31
28.57
31.85
39.86
45.3
47.5
49.63
26.67
25.38
23.76
25.85
23.83
25.83
25.89
25.74
27.69
25.12
24.88
27
32.68
33.1
31.71
25.51
22.78
24.04
27.25
28.06
28.25
26.31
28.7
28.99
29.03
29.68
30.07
33.37
36.08
34.4
30.23
32.33
29.24
29.3
29.94
30.4
32.59
32.82
31.87
30.6
30.54
32.54
31.91
27.93
32.21
33.1
31.74
33.53
33.28
32.89
34.41
34.37
31.56
34.36
35.78
32.53
33.66
37.47
39.31
37.55
41.9
42.27
43.77
39.44
39.88
34.45
33.35
35.74
38.24
44.5
54.76
61.73
62.01
62.41
33.71
35.38
33.43
31.79
38.27
43.8
50.22
55.2
56.24
30.93
28.35
30.54
28.12
28.9
31.08
35.66
33.2
35.37
35.25
33.88
31.43
27.83
26.56
26.09
23.98
23.65
23.08
23.09
24.66
23.11
20.58
21.6
21.47
22.34
22.84
24.86
22.57
21.79
22.82
20.82
20.27
19.24
20.87
21.87
21.25
19.45
18.61
18.68
21.49
20.67
21.79
23.46
23.51
26.43
25.43
26.1
26.86
25.33
29.08
34.29
42.68
42.45
26.51
24.84
28.47
34.04
42.03
46.14
53.5
49.09
57.91
36.64
37.89
41.99
52.62
54.11
57.05
61.14
54.71
50.37
57.33
61.71
59.76
62.32
65.71
69.23
66.97
64.58
58.53
64.3
45.64
42.84
44.11
45.76
39.49
35.91
32.13
31.28
34.46
41.81
42.69
44.3
27.68
25.64
25.71
24.61
24.15
23.66
23.84
21.64
21.38
23.69
24.13
22.4
19.76
22.82
20.97
19.21
19.14
19.48
20.72
17.84
19.23
19.05
19.37
19.96
20.38
24.75
19.85
21.16
20.75
19.94
19.9
19.86
19.57
19.07
19.75
21.46
22.72
22.14
22.22
25.26
21.08
21.56
21.28
22.26
23.02
23.32
24.83
24.73
23.77
24.21
23.34
27.86
24.01
27.4
25.14
26.87
28.69
28.5
29.32
26.92
26.51
28.23
28.85
28.61
29.47
26.91
29.91
28.86
29.58
33.08
35.63
39.89
47.62
52.52
49.7
31.35
30.3
31.95
32.25
35.09
36.85
33.91
34.75
39.85
34.28
34.71
31.97
35.26
38.14
33.84
34.28
31.99
37.93
39.67
41.42
43.5
46.11
51.89
36.6
39.58
37.05
41.12
47.34
54.51
66.37
77.72
70.14
37.51
36.89
33.42
32.39
31.67
30.45
30.48
29.26
34.4
31.6
34.04
32.31
35.39
34.16
31.18
36.04
42.36
49.06
56.46
65.46
65.71
72.17
37.34
39.06
31.97
32.22
35.85
38.72
40.7
43.11
48.59
31.63
33.58
26.07
26.69
24.47
23.03
24.31
23.57
23.69
23.09
24.74
27.23
26.68
29.87
30.53
32.9
33.08
33
33.29
33.74
33.16
32.6
37.86
41.2
49.21
56
59.33
62.59
38.32
34.63
36.1
33.94
35.29
34.73
37.79
34.52
36.07
36.6
42.74
41.6
41.27
35.6
31.88
39.08
47.44
51.11
57.09
63.8
71.08
73.38
46.6
48.04
47.69
53.95
57.73
53.95
53.86
44.31
39.82
42.91
42.55
42.47
45.93
37.36
36.36
36.56
36.68
37.19
36.44
37.37
31.59
33.94
29.47
26.93
28.02
28.71
34.34
33.41
27.49
27.01
25.34
27.51
29.46
33.96
31.15
32.59
36.4
34.95
25
23.83
24.92
21.25
20.12
19.4
24.12
19.19
23.31
19.92
20.97
22.09
23.17
24.16
26.77
31.5
31.57
32.18
29.47
24.46
23.23
21.09
22.1
22.73
24.63
23.76
22.3
20.53
22.4
21.24
20.16
19.42
21.43
21.62
20.37
22
24.38
22.06
21.33
21.59
20.96
22.93
22.5
21.87
19.66
24.95
24.95
24.1
24.33
23.94
24.09
25.5
23.45
27.94
27.48
28.29
29.44
28.88
26
26.91
27.81
28.81
30.67
31.33
30.29
30.67
29.7
31.35
30.44
28.68
29.01
27.63
28.39
30.61
27.22
24.45
27.38
28.27
28.57
34.42
34.67
32.13
28.65
28.85
29.33
30.46
30.95
34.62
41.04
38.98
40.27
30.62
31.67
29.36
31.87
34.26
33.39
36.25
40.43
44.78
46.15
50.36
57.12
49.38
37.27
35.99
33.73
31.26
34.82
36.98
30.39
31.83
28.98
31.55
27.73
27.28
24.82
24.53
22.39
25.5
34.23
35.72
37.56
45.47
47.05
45.19
45.92
47.55
46.82
46.05
37.16
34.25
32.13
31.89
30.71
31.11
34.9
37.47
47.63
54.26
56.8
31.59
29.31
29.46
30.21
29.95
32.22
35.68
35.88
37.1
34.34
32.28
32.49
33.04
51.14
46.43
26.68
56.14
37.09
42.19
26.02
33.96
79.6
50.46
27.54
39.83
30.34
39.18
40.14
44.09
40.57
56.18
50.76
33.14
55.52
56.34
44.25
51.93
34.98
35.53
46.16
36.96
44.37
61.24
53.27
54.19
28.68
29.81
42.17
40.72
19.34
36.23
43.17
45.98
33.28
43.36
33.79
33.61
53.92
50.96
48.66
57.74
49.07
55.14
30.81
43.15
37.6
50.35
41.79
50.79
54.02
51.16
36.29
63.74
52.38
45.82
46.26
43.05
49.26
47.69
45.31
51.09
50.93
40.74
31.18
45.12
32.29
57.15
49.66
47.84
40.32
42.72
40
33.24
37.86
47.17
40.52
36.84
45.54
38.74
42.57
35.59
34.83
34.44
38.57
38.6
37.68
51.89
45.61
39.36
43.68
47.06
44.55
49.04
38.9
26.24
43.81
33.5
20.21
52.98
38.34
22.66
41.26
46.5
32.48
42.46
28.12
47.51
30.34
41.28
50.61
45.97
29.21
47.4
51.08
46.27
49.6
38.53
51.28
32.32
33.29
46.53
51.18
44.52
42.56
35.28
35.34
36.33
24.69
42.81
47.09
38.88
34.95
35.54
41.39
39.58
35.48
50.61
38.16
26.95
49.27
35.07
45.53
47.55
46.95
49.38
45.77
52
52.53
35.23
40.06
41.43
48.17
48.4
56.69
40.13
50.22
43.07
63.19
