2.1
106.66999816894531
101.16999816894531
99.77999877929688
97.16999816894531
103.9000015258789
90.9000015258789
91.27999877929688
96.97000122070312
118.7300033569336
83.41999816894531
76.47000122070312
81.5999984741211
89.27999877929688
87.80999755859375
78.51000213623047
76.37999725341797
66.6500015258789
71.44999694824219
67.45999908447266
52.04999923706055
58.09000015258789
47.15999984741211
56.22999954223633
65.68000030517578
78.19000244140625
59.86000061035156
59.11000061035156
58.02000045776367
52.04999923706055
53.470001220703125
50.880001068115234
45.5099983215332
47.709999084472656
44.869998931884766
44.2599983215332
50.54999923706055
41.130001068115234
43.38999938964844
46.36000061035156
41.380001068115234
48.119998931884766
48.0099983215332
50.790000915527344
58.27000045776367
47.52000045776367
45.619998931884766
52.11000061035156
45.220001220703125
51.959999084472656
58.970001220703125
69.52999877929688
77.12000274658203
74.81999969482422
82.51000213623047
48.33000183105469
45.970001220703125
48.43000030517578
50.869998931884766
48.7599983215332
52.970001220703125
52.61000061035156
58.029998779296875
60.04999923706055
56.369998931884766
54.900001525878906
56.529998779296875
58.779998779296875
68.66000366210938
71.05999755859375
55.2400016784668
67.36000061035156
50.72999954223633
52.189998626708984
55.52000045776367
50.7599983215332
53.220001220703125
47.939998626708984
53.459999084472656
53.43000030517578
48.22999954223633
51.08000183105469
55.77000045776367
52.56999969482422
63.88999938964844
49.619998931884766
49.70000076293945
46.15999984741211
45.59000015258789
48.97999954223633
45.2599983215332
54.83000183105469
41.470001220703125
44.970001220703125
42.47999954223633
51.720001220703125
49.720001220703125
47.9900016784668
48.970001220703125
44.540000915527344
44.209999084472656
48.0099983215332
50.470001220703125
53.90999984741211
63.11000061035156
67.56999969482422
77.41999816894531
63.310001373291016
48.16999816894531
47.7599983215332
47.369998931884766
52.099998474121094
59.630001068115234
63.83000183105469
65.47000122070312
79.37999725341797
43.709999084472656
51.52000045776367
42.52000045776367
41.689998626708984
47.65999984741211
59.27000045776367
62.27000045776367
60.279998779296875
69.9800033569336
35.54999923706055
36.75
37.279998779296875
37.61000061035156
33.5
35.380001068115234
32.16999816894531
36.599998474121094
36.95000076293945
37.189998626708984
41.81999969482422
43.220001220703125
45.959999084472656
40.40999984741211
46.86000061035156
47.939998626708984
46.95000076293945
35.58000183105469
41.7599983215332
44.0
38.5099983215332
39.06999969482422
40.15999984741211
40.060001373291016
43.959999084472656
51.310001373291016
58.61000061035156
70.73999786376953
66.33999633789062
38.970001220703125
43.34000015258789
36.77000045776367
40.220001220703125
43.119998931884766
36.939998626708984
31.709999084472656
38.02000045776367
35.529998779296875
36.95000076293945
35.66999816894531
35.97999954223633
36.20000076293945
35.63999938964844
40.36000061035156
38.040000915527344
41.2400016784668
37.83000183105469
41.5
45.18000030517578
50.95000076293945
46.58000183105469
35.36000061035156
33.720001220703125
35.56999969482422
35.52000045776367
45.20000076293945
46.66999816894531
46.810001373291016
39.75
48.310001373291016
39.2400016784668
43.97999954223633
45.41999816894531
50.880001068115234
50.93000030517578
38.459999084472656
34.54999923706055
38.88999938964844
38.5099983215332
37.58000183105469
36.97999954223633
38.88999938964844
42.689998626708984
43.7599983215332
50.970001220703125
43.939998626708984
40.95000076293945
38.33000183105469
36.060001373291016
36.849998474121094
37.90999984741211
36.5099983215332
32.029998779296875
34.77000045776367
36.290000915527344
36.91999816894531
41.86000061035156
37.720001220703125
37.83000183105469
39.130001068115234
33.970001220703125
33.20000076293945
39.56999969482422
38.77000045776367
55.0099983215332
68.44999694824219
66.08999633789062
70.94999694824219
31.43000030517578
34.4900016784668
29.68000030517578
35.959999084472656
33.38999938964844
31.850000381469727
34.290000915527344
33.720001220703125
33.27000045776367
31.6299991607666
30.530000686645508
32.650001525878906
29.75
31.40999984741211
30.860000610351562
34.66999816894531
31.809999465942383
31.200000762939453
32.540000915527344
39.79999923706055
43.029998779296875
49.79999923706055
44.400001525878906
32.04999923706055
34.22999954223633
31.1200008392334
30.15999984741211
32.97999954223633
35.90999984741211
41.0099983215332
50.279998779296875
43.02000045776367
27.950000762939453
29.809999465942383
29.75
34.08000183105469
33.5099983215332
34.04999923706055
35.630001068115234
42.189998626708984
34.31999969482422
31.639999389648438
31.969999313354492
29.690000534057617
31.959999084472656
29.780000686645508
36.68000030517578
28.260000228881836
28.690000534057617
26.31999969482422
29.649999618530273
33.18000030517578
34.540000915527344
40.470001220703125
41.2400016784668
38.9900016784668
35.380001068115234
35.22999954223633
29.459999084472656
31.170000076293945
29.479999542236328
35.540000915527344
37.869998931884766
41.70000076293945
50.880001068115234
60.5099983215332
59.599998474121094
37.95000076293945
38.13999938964844
37.119998931884766
43.459999084472656
47.04999923706055
56.290000915527344
59.790000915527344
64.55000305175781
66.69000244140625
42.66999816894531
40.439998626708984
35.130001068115234
38.31999969482422
42.779998779296875
47.599998474121094
45.15999984741211
49.79999923706055
42.91999816894531
43.810001373291016
34.5099983215332
36.58000183105469
31.510000228881836
34.70000076293945
36.72999954223633
42.869998931884766
37.560001373291016
38.34000015258789
37.5
46.2400016784668
50.56999969482422
53.939998626708984
65.19000244140625
67.7699966430664
68.87999725341797
52.630001068115234
48.47999954223633
54.91999816894531
56.36000061035156
58.93000030517578
64.7300033569336
62.31999969482422
60.790000915527344
58.63999938964844
58.369998931884766
50.029998779296875
45.04999923706055
50.779998779296875
59.61000061035156
58.630001068115234
56.900001525878906
60.79999923706055
41.849998474121094
44.400001525878906
35.349998474121094
33.93000030517578
32.529998779296875
34.38999938964844
36.310001373291016
38.290000915527344
33.81999969482422
40.29999923706055
35.709999084472656
35.2400016784668
38.66999816894531
49.83000183105469
44.40999984741211
49.790000915527344
54.400001525878906
55.810001373291016
61.29999923706055
39.2400016784668
45.060001373291016
43.060001373291016
40.310001373291016
43.61000061035156
43.560001373291016
46.65999984741211
47.84000015258789
44.63999938964844
43.36000061035156
45.66999816894531
44.97999954223633
42.13999938964844
45.31999969482422
47.72999954223633
40.810001373291016
45.900001525878906
46.81999969482422
57.150001525878906
74.1500015258789
86.55000305175781
82.47000122070312
96.16000366210938
41.06999969482422
42.72999954223633
40.7599983215332
44.09000015258789
47.060001373291016
57.06999969482422
59.720001220703125
63.959999084472656
67.87999725341797
44.7400016784668
43.540000915527344
46.369998931884766
45.72999954223633
50.439998626708984
54.380001068115234
52.0
55.310001373291016
61.119998931884766
38.90999984741211
38.08000183105469
35.310001373291016
36.689998626708984
41.68000030517578
40.560001373291016
47.689998626708984
40.93000030517578
37.869998931884766
40.75
46.84000015258789
42.45000076293945
49.529998779296875
55.029998779296875
48.08000183105469
36.40999984741211
44.220001220703125
41.9900016784668
50.08000183105469
48.029998779296875
48.63999938964844
44.7400016784668
50.400001525878906
50.619998931884766
54.79999923706055
63.880001068115234
64.08999633789062
71.75
66.93000030517578
47.20000076293945
42.65999984741211
42.689998626708984
43.97999954223633
43.15999984741211
44.689998626708984
43.650001525878906
42.939998626708984
47.290000915527344
51.2599983215332
45.81999969482422
49.59000015258789
49.869998931884766
44.720001220703125
52.0
60.9900016784668
66.66999816894531
75.06999969482422
74.52999877929688
75.69999694824219
81.38999938964844
58.2599983215332
57.369998931884766
61.0
66.93000030517578
72.58000183105469
78.16000366210938
86.83999633789062
92.62999725341797
94.02999877929688
66.33000183105469
68.87999725341797
59.04999923706055
61.810001373291016
56.06999969482422
58.810001373291016
67.80999755859375
71.05999755859375
76.83000183105469
80.91000366210938
69.18000030517578
58.0
58.529998779296875
59.70000076293945
64.87000274658203
71.86000061035156
75.45999908447266
84.94999694824219
94.9800033569336
96.2699966430664
100.91999816894531
75.58000183105469
68.36000061035156
78.08999633789062
86.37000274658203
88.7300033569336
93.81999969482422
105.04000091552734
112.41000366210938
110.33000183105469
83.05999755859375
80.04000091552734
72.25
79.48999786376953
77.36000061035156
76.26000213623047
89.8499984741211
95.80999755859375
100.81999969482422
82.86000061035156
84.18000030517578
66.93000030517578
73.05000305175781
73.63999938964844
76.94999694824219
79.37000274658203
82.97000122070312
81.05999755859375
91.76000213623047
77.2300033569336
77.80999755859375
72.0199966430664
63.08000183105469
79.87999725341797
81.69000244140625
80.62000274658203
76.45999908447266
80.08999633789062
77.47000122070312
84.54000091552734
92.7300033569336
85.83999633789062
99.11000061035156
68.9800033569336
76.95999908447266
63.150001525878906
67.16000366210938
69.31999969482422
79.16999816894531
73.41000366210938
70.02999877929688
66.69000244140625
71.01000213623047
69.2300033569336
71.2699966430664
67.25
74.66999816894531
70.91999816894531
71.62000274658203
68.04000091552734
66.06999969482422
66.9000015258789
70.13999938964844
70.37999725341797
71.62999725341797
79.04000091552734
91.86000061035156
103.7300033569336
106.97000122070312
73.36000061035156
67.68000030517578
62.709999084472656
69.51000213623047
67.45999908447266
69.33999633789062
68.63999938964844
69.2300033569336
67.22000122070312
73.69999694824219
85.52999877929688
85.48999786376953
94.45999908447266
71.83000183105469
73.41000366210938
60.25
69.5999984741211
61.5
63.630001068115234
63.22999954223633
59.45000076293945
71.5
60.25
71.86000061035156
71.30000305175781
74.66000366210938
91.95999908447266
65.04000091552734
63.22999954223633
73.12000274658203
82.83000183105469
84.8499984741211
99.33000183105469
81.5
82.7300033569336
77.44000244140625
74.20999908447266
77.72000122070312
86.26000213623047
92.86000061035156
96.23999786376953
69.62999725341797
63.54999923706055
63.41999816894531
69.12999725341797
72.33000183105469
78.54000091552734
78.4800033569336
76.83000183105469
63.790000915527344
56.150001525878906
58.43000030517578
59.290000915527344
57.41999816894531
60.41999816894531
54.36000061035156
62.880001068115234
54.56999969482422
52.61000061035156
53.599998474121094
49.18000030517578
54.68000030517578
51.33000183105469
58.630001068115234
55.31999969482422
49.43000030517578
50.709999084472656
48.18000030517578
55.150001525878906
64.01000213623047
71.04000091552734
77.18000030517578
80.91000366210938
50.29999923706055
42.40999984741211
44.4900016784668
49.619998931884766
50.31999969482422
62.0099983215332
51.939998626708984
44.720001220703125
47.72999954223633
46.619998931884766
45.709999084472656
44.79999923706055
55.040000915527344
45.93000030517578
39.959999084472656
43.88999938964844
43.47999954223633
48.68000030517578
48.189998626708984
55.31999969482422
53.59000015258789
50.52000045776367
51.459999084472656
50.20000076293945
42.189998626708984
38.349998474121094
38.720001220703125
41.68000030517578
44.81999969482422
55.540000915527344
66.30000305175781
71.95999908447266
77.62999725341797
39.75
34.380001068115234
38.47999954223633
46.09000015258789
48.9900016784668
59.650001525878906
67.94999694824219
82.80999755859375
66.2699966430664
40.7599983215332
41.849998474121094
36.2599983215332
37.880001068115234
39.31999969482422
45.4900016784668
50.279998779296875
53.470001220703125
40.52000045776367
37.52000045776367
36.11000061035156
35.86000061035156
38.459999084472656
41.34000015258789
47.77000045776367
42.7400016784668
33.58000183105469
30.530000686645508
30.959999084472656
35.11000061035156
38.130001068115234
46.95000076293945
58.849998474121094
73.9000015258789
60.91999816894531
35.43000030517578
37.38999938964844
34.40999984741211
30.760000228881836
35.58000183105469
35.970001220703125
43.40999984741211
46.689998626708984
43.209999084472656
48.81999969482422
39.58000183105469
33.7599983215332
29.110000610351562
28.649999618530273
33.189998626708984
32.689998626708984
37.91999816894531
52.40999984741211
63.41999816894531
61.720001220703125
38.060001373291016
34.970001220703125
35.7599983215332
37.119998931884766
40.150001525878906
44.689998626708984
50.79999923706055
44.54999923706055
31.610000610351562
32.81999969482422
31.0
32.77000045776367
33.619998931884766
41.06999969482422
45.22999954223633
39.220001220703125
31.040000915527344
29.510000228881836
30.979999542236328
32.36000061035156
36.11000061035156
36.0099983215332
33.97999954223633
32.63999938964844
34.04999923706055
32.81999969482422
36.310001373291016
38.470001220703125
37.41999816894531
43.43000030517578
45.0
51.47999954223633
31.559999465942383
31.1200008392334
32.380001068115234
33.90999984741211
41.279998779296875
43.31999969482422
43.83000183105469
51.369998931884766
55.86000061035156
34.279998779296875
33.810001373291016
33.689998626708984
33.61000061035156
34.27000045776367
32.470001220703125
33.2400016784668
30.6299991607666
30.3799991607666
29.56999969482422
32.59000015258789
32.16999816894531
36.33000183105469
38.439998626708984
36.290000915527344
42.11000061035156
43.56999969482422
59.119998931884766
67.3499984741211
75.72000122070312
62.33000183105469
37.77000045776367
35.849998474121094
40.84000015258789
39.790000915527344
41.689998626708984
42.150001525878906
44.540000915527344
46.59000015258789
49.04999923706055
55.790000915527344
63.790000915527344
77.02999877929688
59.83000183105469
55.11000061035156
55.95000076293945
48.75
50.540000915527344
46.7400016784668
46.599998474121094
47.36000061035156
51.5
46.5099983215332
47.22999954223633
47.060001373291016
51.0099983215332
54.20000076293945
58.40999984741211
56.650001525878906
71.13999938964844
50.36000061035156
53.380001068115234
48.77000045776367
54.27000045776367
52.91999816894531
55.130001068115234
55.369998931884766
52.029998779296875
51.060001373291016
53.63999938964844
61.81999969482422
58.470001220703125
60.47999954223633
64.58999633789062
61.83000183105469
63.88999938964844
64.2300033569336
70.8499984741211
76.4800033569336
82.77999877929688
74.70999908447266
100.36000061035156
58.65999984741211
59.459999084472656
51.36000061035156
53.20000076293945
56.56999969482422
65.19000244140625
54.189998626708984
56.08000183105469
48.5
49.56999969482422
55.380001068115234
63.310001373291016
64.29000091552734
72.19999694824219
77.31999969482422
41.0099983215332
41.06999969482422
37.36000061035156
41.91999816894531
38.279998779296875
43.279998779296875
41.099998474121094
47.119998931884766
42.84000015258789
38.540000915527344
46.290000915527344
46.060001373291016
46.20000076293945
51.77000045776367
54.31999969482422
53.709999084472656
66.37000274658203
44.119998931884766
52.900001525878906
44.959999084472656
51.290000915527344
54.04999923706055
49.83000183105469
50.040000915527344
44.650001525878906
43.029998779296875
40.43000030517578
40.93000030517578
41.529998779296875
42.880001068115234
44.459999084472656
53.290000915527344
45.08000183105469
44.38999938964844
45.689998626708984
40.36000061035156
39.7400016784668
40.4900016784668
38.939998626708984
37.58000183105469
36.150001525878906
36.369998931884766
38.900001525878906
41.43000030517578
39.86000061035156
38.599998474121094
42.970001220703125
41.529998779296875
44.54999923706055
57.4900016784668
66.38999938964844
88.7300033569336
103.41999816894531
107.69999694824219
114.87999725341797
63.86000061035156
69.13999938964844
54.38999938964844
58.27000045776367
62.849998474121094
62.16999816894531
59.09000015258789
57.720001220703125
72.52999877929688
44.650001525878906
43.56999969482422
40.709999084472656
36.220001220703125
37.939998626708984
35.279998779296875
34.400001525878906
35.5099983215332
40.5099983215332
40.18000030517578
42.130001068115234
38.0
43.79999923706055
45.279998779296875
43.52000045776367
44.40999984741211
44.290000915527344
43.650001525878906
47.599998474121094
47.209999084472656
46.47999954223633
41.38999938964844
45.970001220703125
37.68000030517578
42.5
44.630001068115234
44.22999954223633
39.689998626708984
46.34000015258789
41.529998779296875
45.56999969482422
51.130001068115234
47.369998931884766
51.16999816894531
49.810001373291016
59.18000030517578
44.869998931884766
45.290000915527344
45.22999954223633
42.5
39.93000030517578
41.63999938964844
37.97999954223633
40.939998626708984
41.90999984741211
42.029998779296875
37.27000045776367
36.540000915527344
38.38999938964844
44.16999816894531
38.61000061035156
38.70000076293945
34.709999084472656
37.91999816894531
35.470001220703125
35.869998931884766
40.68000030517578
38.599998474121094
41.5
35.720001220703125
34.18000030517578
31.239999771118164
35.52000045776367
36.310001373291016
42.0
41.349998474121094
55.41999816894531
59.47999954223633
64.47000122070312
35.349998474121094
32.810001373291016
33.54999923706055
31.18000030517578
32.529998779296875
34.84000015258789
39.900001525878906
38.119998931884766
35.25
33.16999816894531
30.209999084472656
31.1299991607666
32.59000015258789
34.18000030517578
34.959999084472656
33.90999984741211
35.779998779296875
39.0
32.040000915527344
33.400001525878906
31.399999618530273
37.15999984741211
41.529998779296875
44.02000045776367
40.79999923706055
47.97999954223633
36.959999084472656
37.599998474121094
33.709999084472656
36.18000030517578
30.200000762939453
29.25
31.1299991607666
37.61000061035156
37.27000045776367
38.75
41.540000915527344
48.560001373291016
53.459999084472656
58.130001068115234
63.150001525878906
47.689998626708984
49.66999816894531
44.689998626708984
48.7400016784668
56.20000076293945
54.029998779296875
56.0
72.29000091552734
45.150001525878906
42.4900016784668
40.34000015258789
46.560001373291016
48.470001220703125
61.0
67.91000366210938
78.66000366210938
78.22000122070312
47.810001373291016
42.540000915527344
39.59000015258789
41.02000045776367
44.7400016784668
40.529998779296875
36.2400016784668
36.41999816894531
38.540000915527344
38.93000030517578
39.02000045776367
35.88999938964844
36.72999954223633
35.7400016784668
33.81999969482422
34.25
33.72999954223633
33.47999954223633
28.1200008392334
28.3700008392334
31.100000381469727
33.59000015258789
40.720001220703125
46.779998779296875
47.84000015258789
55.560001373291016
30.59000015258789
33.790000915527344
31.889999389648438
31.739999771118164
35.470001220703125
40.31999969482422
51.0099983215332
54.20000076293945
43.90999984741211
31.15999984741211
30.84000015258789
29.600000381469727
29.350000381469727
29.420000076293945
31.600000381469727
32.099998474121094
27.049999237060547
27.68000030517578
27.25
27.940000534057617
29.3700008392334
28.84000015258789
29.100000381469727
29.809999465942383
32.0
32.08000183105469
30.709999084472656
27.889999389648438
30.229999542236328
29.1200008392334
31.610000610351562
32.4900016784668
34.81999969482422
31.770000457763672
31.5
30.709999084472656
32.02000045776367
35.119998931884766
35.470001220703125
38.189998626708984
41.61000061035156
39.47999954223633
29.06999969482422
32.31999969482422
30.950000762939453
29.079999923706055
29.43000030517578
28.809999465942383
28.149999618530273
27.030000686645508
34.2400016784668
31.459999084472656
30.829999923706055
32.970001220703125
32.09000015258789
36.439998626708984
44.900001525878906
54.33000183105469
62.95000076293945
31.75
31.260000228881836
37.209999084472656
38.70000076293945
36.220001220703125
39.52000045776367
40.939998626708984
42.5099983215332
38.79999923706055
42.61000061035156
35.97999954223633
35.83000183105469
34.43000030517578
36.70000076293945
35.04999923706055
34.689998626708984
34.709999084472656
38.20000076293945
45.029998779296875
50.88999938964844
48.59000015258789
33.2599983215332
34.2400016784668
34.09000015258789
34.25
38.59000015258789
46.119998931884766
50.06999969482422
56.34000015258789
65.62000274658203
32.439998626708984
31.139999389648438
31.770000457763672
37.0099983215332
33.119998931884766
28.719999313354492
29.559999465942383
29.989999771118164
32.06999969482422
31.06999969482422
29.329999923706055
36.84000015258789
34.220001220703125
33.61000061035156
39.93000030517578
37.65999984741211
38.209999084472656
40.2400016784668
42.130001068115234
39.880001068115234
37.560001373291016
35.970001220703125
37.27000045776367
46.209999084472656
43.16999816894531
42.40999984741211
31.670000076293945
32.209999084472656
31.440000534057617
30.459999084472656
32.150001525878906
34.869998931884766
34.560001373291016
30.8700008392334
36.540000915527344
31.770000457763672
36.06999969482422
37.86000061035156
40.88999938964844
32.88999938964844
32.130001068115234
35.34000015258789
42.65999984741211
41.099998474121094
45.689998626708984
49.34000015258789
49.95000076293945
53.95000076293945
42.5
42.79999923706055
38.400001525878906
33.59000015258789
34.9900016784668
44.13999938964844
50.5
44.33000183105469
42.65999984741211
32.70000076293945
35.0
31.280000686645508
31.450000762939453
33.02000045776367
33.11000061035156
36.540000915527344
34.20000076293945
33.2400016784668
32.81999969482422
32.529998779296875
34.36000061035156
32.439998626708984
29.65999984741211
35.040000915527344
37.029998779296875
38.95000076293945
36.58000183105469
35.400001525878906
30.3700008392334
37.369998931884766
43.65999984741211
41.7599983215332
50.13999938964844
43.95000076293945
49.150001525878906
47.40999984741211
50.45000076293945
49.08000183105469
49.66999816894531
50.02000045776367
51.880001068115234
47.459999084472656
45.91999816894531
46.650001525878906
55.38999938964844
55.45000076293945
59.75
70.05000305175781
54.130001068115234
49.540000915527344
56.880001068115234
51.130001068115234
53.56999969482422
55.400001525878906
58.61000061035156
53.099998474121094
53.83000183105469
51.54999923706055
44.400001525878906
39.65999984741211
44.02000045776367
46.70000076293945
44.52000045776367
44.75
46.18000030517578
51.72999954223633
60.11000061035156
50.47999954223633
42.75
48.04999923706055
50.209999084472656
63.029998779296875
68.27999877929688
54.77000045776367
45.97999954223633
49.25
49.459999084472656
46.86000061035156
49.97999954223633
50.290000915527344
58.25
59.869998931884766
50.439998626708984
44.54999923706055
47.970001220703125
46.560001373291016
38.75
44.43000030517578
39.22999954223633
37.83000183105469
37.439998626708984
37.349998474121094
36.08000183105469
39.75
45.91999816894531
47.06999969482422
42.61000061035156
48.16999816894531
45.15999984741211
45.36000061035156
48.7400016784668
46.439998626708984
41.34000015258789
41.79999923706055
41.58000183105469
46.380001068115234
47.7400016784668
45.33000183105469
50.470001220703125
53.20000076293945
60.290000915527344
65.25
71.80000305175781
73.77999877929688
50.279998779296875
41.08000183105469
43.29999923706055
41.439998626708984
44.79999923706055
45.119998931884766
44.13999938964844
42.939998626708984
56.560001373291016
45.369998931884766
43.060001373291016
43.470001220703125
43.369998931884766
45.7400016784668
38.0
41.810001373291016
45.93000030517578
43.529998779296875
48.91999816894531
45.439998626708984
49.939998626708984
50.209999084472656
50.029998779296875
53.86000061035156
46.90999984741211
54.86000061035156
54.16999816894531
51.029998779296875
52.560001373291016
58.20000076293945
58.11000061035156
59.13999938964844
59.36000061035156
57.40999984741211
66.62000274658203
55.959999084472656
52.720001220703125
52.52000045776367
59.439998626708984
57.619998931884766
54.29999923706055
71.16000366210938
59.0099983215332
60.40999984741211
62.720001220703125
58.630001068115234
60.93000030517578
62.130001068115234
76.12000274658203
76.73999786376953
55.34000015258789
50.83000183105469
56.88999938964844
56.34000015258789
59.65999984741211
66.23999786376953
72.83999633789062
70.5199966430664
58.4900016784668
53.380001068115234
57.84000015258789
60.43000030517578
64.3499984741211
76.95999908447266
89.2300033569336
96.80000305175781
94.4000015258789
55.08000183105469
54.369998931884766
47.459999084472656
45.849998474121094
53.11000061035156
64.06999969482422
50.349998474121094
42.630001068115234
43.130001068115234
37.7400016784668
42.68000030517578
39.22999954223633
38.5099983215332
41.0099983215332
34.779998779296875
39.939998626708984
39.619998931884766
38.529998779296875
48.91999816894531
39.7400016784668
46.439998626708984
48.380001068115234
51.2599983215332
56.22999954223633
66.30999755859375
52.709999084472656
64.41999816894531
38.20000076293945
37.16999816894531
34.88999938964844
44.939998626708984
48.470001220703125
66.0999984741211
79.5999984741211
87.7300033569336
97.6500015258789
41.93000030517578
44.4900016784668
41.56999969482422
38.90999984741211
36.47999954223633
36.900001525878906
40.38999938964844
35.90999984741211
35.63999938964844
33.029998779296875
38.54999923706055
32.45000076293945
37.619998931884766
37.310001373291016
39.13999938964844
38.40999984741211
41.5099983215332
41.22999954223633
40.83000183105469
40.52000045776367
40.81999969482422
41.869998931884766
35.95000076293945
36.63999938964844
38.52000045776367
37.77000045776367
36.4900016784668
37.810001373291016
42.5
42.22999954223633
39.79999923706055
33.59000015258789
35.56999969482422
35.630001068115234
35.93000030517578
43.2599983215332
43.220001220703125
40.439998626708984
44.33000183105469
52.25
65.13999938964844
76.6500015258789
83.18000030517578
73.69999694824219
43.18000030517578
50.189998626708984
44.72999954223633
43.150001525878906
46.279998779296875
52.38999938964844
58.66999816894531
60.40999984741211
44.81999969482422
34.59000015258789
41.40999984741211
46.720001220703125
52.540000915527344
57.95000076293945
65.61000061035156
74.0
80.19000244140625
40.9900016784668
42.4900016784668
37.029998779296875
41.59000015258789
48.130001068115234
47.09000015258789
55.45000076293945
49.310001373291016
39.93000030517578
47.470001220703125
40.689998626708984
38.29999923706055
39.189998626708984
45.22999954223633
44.369998931884766
50.349998474121094
35.470001220703125
30.139999389648438
25.299999237060547
31.010000228881836
32.02000045776367
32.119998931884766
33.7400016784668
31.459999084472656
29.8799991607666
28.420000076293945
27.84000015258789
26.540000915527344
31.6299991607666
28.450000762939453
33.20000076293945
30.299999237060547
31.989999771118164
31.469999313354492
34.2599983215332
32.290000915527344
37.900001525878906
38.34000015258789
37.54999923706055
38.5
36.79999923706055
42.029998779296875
41.97999954223633
41.459999084472656
43.400001525878906
45.220001220703125
47.72999954223633
44.540000915527344
43.68000030517578
40.13999938964844
41.59000015258789
48.61000061035156
48.88999938964844
59.630001068115234
69.29000091552734
79.05999755859375
84.37999725341797
47.369998931884766
53.58000183105469
50.40999984741211
56.439998626708984
50.689998626708984
47.79999923706055
62.439998626708984
58.619998931884766
63.630001068115234
66.80999755859375
62.38999938964844
65.70999908447266
57.02000045776367
60.150001525878906
73.01000213623047
62.27000045776367
58.34000015258789
58.36000061035156
65.87999725341797
76.41000366210938
85.61000061035156
87.23999786376953
93.9800033569336
81.37000274658203
77.69999694824219
53.130001068115234
62.060001373291016
50.650001525878906
50.88999938964844
51.7599983215332
47.43000030517578
45.959999084472656
38.939998626708984
41.720001220703125
43.70000076293945
47.34000015258789
50.15999984741211
52.880001068115234
67.01000213623047
54.040000915527344
50.27000045776367
37.75
36.08000183105469
34.20000076293945
32.459999084472656
31.670000076293945
37.4900016784668
40.90999984741211
44.38999938964844
43.7400016784668
38.91999816894531
32.04999923706055
33.18000030517578
28.649999618530273
30.850000381469727
27.969999313354492
35.130001068115234
36.59000015258789
31.34000015258789
30.729999542236328
31.799999237060547
30.479999542236328
31.40999984741211
32.66999816894531
33.630001068115234
38.560001373291016
34.25
29.190000534057617
31.979999542236328
27.68000030517578
27.479999542236328
30.010000228881836
30.899999618530273
34.40999984741211
32.560001373291016
35.2400016784668
29.770000457763672
31.469999313354492
30.229999542236328
30.639999389648438
34.779998779296875
37.849998474121094
33.56999969482422
40.900001525878906
34.09000015258789
35.38999938964844
31.280000686645508
38.400001525878906
45.81999969482422
43.790000915527344
40.95000076293945
43.4900016784668
42.619998931884766
38.90999984741211
41.31999969482422
46.040000915527344
53.06999969482422
52.029998779296875
59.810001373291016
70.94999694824219
37.79999923706055
37.97999954223633
38.86000061035156
48.720001220703125
48.279998779296875
50.650001525878906
50.130001068115234
53.06999969482422
52.970001220703125
57.0
55.209999084472656
57.790000915527344
58.27000045776367
57.970001220703125
66.02999877929688
62.63999938964844
50.65999984741211
55.86000061035156
59.599998474121094
61.400001525878906
70.06999969482422
85.45999908447266
96.9800033569336
108.13999938964844
98.62999725341797
52.209999084472656
39.58000183105469
47.93000030517578
48.869998931884766
46.86000061035156
51.08000183105469
49.2400016784668
46.599998474121094
45.880001068115234
49.529998779296875
46.59000015258789
50.380001068115234
49.72999954223633
46.59000015258789
40.5099983215332
39.459999084472656
40.310001373291016
36.91999816894531
35.060001373291016
38.599998474121094
37.90999984741211
36.599998474121094
38.45000076293945
38.5
42.0099983215332
43.9900016784668
45.31999969482422
43.540000915527344
45.279998779296875
46.72999954223633
45.9900016784668
48.68000030517578
38.290000915527344
38.880001068115234
34.83000183105469
41.09000015258789
39.439998626708984
43.56999969482422
38.040000915527344
43.45000076293945
43.279998779296875
51.0
64.04000091552734
75.69000244140625
84.76000213623047
83.05000305175781
45.79999923706055
42.59000015258789
42.790000915527344
44.18000030517578
40.77000045776367
49.5099983215332
55.369998931884766
52.709999084472656
53.43000030517578
40.0099983215332
40.16999816894531
41.0099983215332
38.31999969482422
47.939998626708984
59.97999954223633
71.93000030517578
88.05999755859375
90.93000030517578
33.22999954223633
37.540000915527344
33.880001068115234
41.06999969482422
39.52000045776367
41.81999969482422
39.04999923706055
38.959999084472656
36.04999923706055
38.18000030517578
42.939998626708984
44.91999816894531
44.0099983215332
33.369998931884766
35.18000030517578
34.2400016784668
31.510000228881836
35.7400016784668
35.65999984741211
39.900001525878906
32.13999938964844
35.9900016784668
35.18000030517578
35.310001373291016
33.869998931884766
35.20000076293945
37.119998931884766
44.88999938964844
52.31999969482422
33.18000030517578
33.18000030517578
35.34000015258789
36.099998474121094
40.79999923706055
40.06999969482422
39.439998626708984
34.54999923706055
34.84000015258789
31.079999923706055
34.16999816894531
37.150001525878906
33.75
38.09000015258789
39.08000183105469
39.689998626708984
37.529998779296875
40.2400016784668
43.810001373291016
59.40999984741211
43.849998474121094
43.540000915527344
30.690000534057617
38.43000030517578
36.790000915527344
39.720001220703125
37.41999816894531
35.209999084472656
38.08000183105469
39.849998474121094
41.45000076293945
37.16999816894531
40.2400016784668
38.41999816894531
45.66999816894531
50.970001220703125
59.06999969482422
71.80999755859375
72.20999908447266
38.540000915527344
37.900001525878906
35.81999969482422
42.279998779296875
39.91999816894531
42.310001373291016
39.369998931884766
48.79999923706055
46.650001525878906
45.68000030517578
46.880001068115234
46.869998931884766
50.22999954223633
61.400001525878906
54.130001068115234
43.209999084472656
46.880001068115234
41.849998474121094
40.15999984741211
42.02000045776367
42.70000076293945
43.619998931884766
43.91999816894531
41.459999084472656
45.16999816894531
39.20000076293945
42.95000076293945
46.310001373291016
50.099998474121094
46.83000183105469
51.09000015258789
47.25
44.72999954223633
50.97999954223633
50.529998779296875
66.04000091552734
48.650001525878906
50.38999938964844
47.880001068115234
54.060001373291016
61.22999954223633
74.69000244140625
88.73999786376953
104.68000030517578
88.80999755859375
53.150001525878906
47.790000915527344
41.81999969482422
42.58000183105469
40.61000061035156
49.779998779296875
45.59000015258789
47.88999938964844
38.38999938964844
42.38999938964844
35.47999954223633
39.310001373291016
39.29999923706055
46.40999984741211
49.75
52.04999923706055
38.970001220703125
37.459999084472656
34.43000030517578
39.0099983215332
39.470001220703125
43.72999954223633
42.06999969482422
39.04999923706055
44.130001068115234
40.52000045776367
35.59000015258789
41.52000045776367
40.209999084472656
35.290000915527344
33.689998626708984
31.309999465942383
36.060001373291016
32.0
34.060001373291016
32.47999954223633
34.290000915527344
36.709999084472656
40.43000030517578
38.88999938964844
45.16999816894531
35.31999969482422
31.799999237060547
31.25
34.709999084472656
37.95000076293945
41.79999923706055
56.88999938964844
67.41999816894531
76.94999694824219
35.619998931884766
34.47999954223633
35.84000015258789
32.90999984741211
43.029998779296875
54.790000915527344
72.94999694824219
77.98999786376953
83.2300033569336
34.33000183105469
33.939998626708984
29.350000381469727
29.809999465942383
33.130001068115234
36.630001068115234
44.25
41.91999816894531
45.08000183105469
31.459999084472656
34.20000076293945
30.280000686645508
35.2400016784668
35.70000076293945
37.119998931884766
41.54999923706055
41.15999984741211
36.880001068115234
37.63999938964844
36.4900016784668
43.040000915527344
39.599998474121094
55.970001220703125
67.13999938964844
80.9800033569336
92.8499984741211
41.779998779296875
39.04999923706055
34.75
36.040000915527344
40.25
38.279998779296875
39.939998626708984
34.060001373291016
35.75
35.09000015258789
35.529998779296875
36.0099983215332
38.5099983215332
35.95000076293945
34.86000061035156
39.91999816894531
39.810001373291016
45.29999923706055
40.290000915527344
40.4900016784668
38.810001373291016
45.79999923706055
45.18000030517578
44.11000061035156
48.52000045776367
44.5
45.18000030517578
35.720001220703125
41.75
48.189998626708984
54.70000076293945
80.58999633789062
80.75
89.9800033569336
40.4900016784668
41.40999984741211
34.36000061035156
40.34000015258789
39.220001220703125
40.09000015258789
38.88999938964844
42.470001220703125
42.619998931884766
43.31999969482422
40.43000030517578
47.970001220703125
50.2400016784668
54.86000061035156
61.619998931884766
73.76000213623047
78.5999984741211
51.939998626708984
51.22999954223633
52.08000183105469
45.459999084472656
48.36000061035156
46.77000045776367
49.810001373291016
45.65999984741211
44.2599983215332
40.91999816894531
44.2400016784668
46.529998779296875
48.630001068115234
57.36000061035156
41.13999938964844
46.2400016784668
39.900001525878906
45.9900016784668
54.08000183105469
55.959999084472656
62.75
59.70000076293945
47.34000015258789
42.459999084472656
42.779998779296875
42.84000015258789
38.66999816894531
42.02000045776367
47.97999954223633
48.04999923706055
43.689998626708984
36.63999938964844
41.369998931884766
48.470001220703125
54.400001525878906
63.09000015258789
76.16000366210938
80.4800033569336
91.56999969482422
40.04999923706055
46.86000061035156
39.33000183105469
43.61000061035156
44.88999938964844
56.97999954223633
59.63999938964844
53.41999816894531
39.939998626708984
40.400001525878906
39.040000915527344
40.65999984741211
37.279998779296875
40.279998779296875
38.45000076293945
38.529998779296875
41.560001373291016
36.25
36.529998779296875
38.189998626708984
39.75
39.41999816894531
38.04999923706055
35.619998931884766
47.81999969482422
44.38999938964844
50.91999816894531
56.41999816894531
52.9900016784668
54.880001068115234
61.189998626708984
57.33000183105469
62.380001068115234
72.5199966430664
72.36000061035156
68.94000244140625
75.08000183105469
65.75
62.84000015258789
62.310001373291016
57.7599983215332
49.869998931884766
48.34000015258789
48.560001373291016
52.619998931884766
51.65999984741211
53.400001525878906
45.56999969482422
41.59000015258789
59.880001068115234
54.630001068115234
66.45999908447266
70.83999633789062
74.76000213623047
81.4800033569336
74.13999938964844
72.2300033569336
72.87999725341797
88.52999877929688
77.05999755859375
64.58000183105469
82.11000061035156
78.43000030517578
79.83000183105469
81.61000061035156
80.0
92.30999755859375
93.81999969482422
102.22000122070312
89.6500015258789
80.13999938964844
82.94999694824219
78.12000274658203
84.66999816894531
89.7300033569336
141.5
76.52999877929688
73.16000366210938
64.97000122070312
61.900001525878906
57.0099983215332
57.459999084472656
177.3800048828125
66.33999633789062
49.130001068115234
65.83000183105469
59.349998474121094
46.59000015258789
51.90999984741211
51.90999984741211
45.439998626708984
60.08000183105469
49.29999923706055
60.040000915527344
59.34000015258789
39.560001373291016
44.7400016784668
30.670000076293945
76.22000122070312
50.18000030517578
54.25
73.9000015258789
38.400001525878906
61.04999923706055
65.44000244140625
49.470001220703125
54.130001068115234
53.689998626708984
40.0099983215332
58.08000183105469
56.20000076293945
45.66999816894531
52.060001373291016
60.04999923706055
56.88999938964844
59.630001068115234
43.31999969482422
52.88999938964844
66.7300033569336
47.9900016784668
48.459999084472656
52.900001525878906
78.33999633789062
44.189998626708984
34.90999984741211
37.66999816894531
63.150001525878906
47.2400016784668
44.08000183105469
59.029998779296875
51.470001220703125
55.599998474121094
66.76000213623047
60.9900016784668
39.060001373291016
79.98999786376953
49.56999969482422
44.83000183105469
55.650001525878906
36.709999084472656
73.23999786376953
67.05000305175781
37.47999954223633
52.709999084472656
63.91999816894531
43.650001525878906
65.86000061035156
66.73999786376953
36.81999969482422
57.02000045776367
65.9800033569336
61.349998474121094
40.97999954223633
44.7400016784668
51.63999938964844
68.5
74.83000183105469
54.43000030517578
37.5099983215332
43.91999816894531
48.16999816894531
43.939998626708984
60.209999084472656
55.0099983215332
66.41999816894531
73.6500015258789
36.66999816894531
64.66000366210938
40.86000061035156
62.25
68.72000122070312
64.41999816894531
40.279998779296875
56.02000045776367
65.52999877929688
66.2699966430664
69.4800033569336
51.709999084472656
47.970001220703125
54.18000030517578
54.97999954223633
49.08000183105469
64.30999755859375
38.650001525878906
60.52000045776367
56.25
64.33999633789062
81.86000061035156
63.7599983215332
37.9900016784668
56.380001068115234
55.91999816894531
48.810001373291016
69.70999908447266
55.959999084472656
54.7400016784668
47.689998626708984
60.119998931884766
57.119998931884766
50.400001525878906
56.290000915527344
69.04000091552734
68.58000183105469
63.31999969482422
45.34000015258789
50.790000915527344
57.29999923706055
55.15999984741211
76.36000061035156
87.75
67.91000366210938
61.22999954223633
68.12999725341797
69.05999755859375
64.98999786376953
70.27999877929688
56.56999969482422
76.16000366210938
60.2400016784668
49.939998626708984
76.06999969482422
67.94000244140625
61.540000915527344
58.16999816894531
46.369998931884766
74.12000274658203
54.36000061035156
54.13999938964844
50.63999938964844
65.26000213623047
45.34000015258789
60.43000030517578
69.9000015258789
70.26000213623047
75.94999694824219
47.220001220703125
66.22000122070312
58.810001373291016
81.04000091552734
46.209999084472656
75.31999969482422
69.5199966430664
64.05999755859375
66.72000122070312
60.91999816894531
68.86000061035156
66.62999725341797
72.55000305175781
68.3499984741211
55.59000015258789
56.08000183105469
56.2599983215332
62.540000915527344
61.439998626708984
52.869998931884766
53.650001525878906
52.0
58.20000076293945
70.5999984741211
61.689998626708984
55.84000015258789
75.69999694824219
51.72999954223633
210.7899932861328
56.59000015258789
66.0
76.76000213623047
57.189998626708984
58.540000915527344
62.369998931884766
69.54000091552734
80.3499984741211
64.6500015258789
59.2599983215332
61.91999816894531
48.709999084472656
52.380001068115234
59.33000183105469
59.08000183105469
61.869998931884766
48.720001220703125
54.54999923706055
44.7599983215332
47.310001373291016
55.689998626708984
73.23999786376953
50.81999969482422
52.220001220703125
44.41999816894531
48.43000030517578
50.02000045776367
42.279998779296875
38.06999969482422
37.380001068115234
35.220001220703125
35.93000030517578
39.279998779296875
38.220001220703125
38.31999969482422
34.81999969482422
38.209999084472656
36.47999954223633
40.34000015258789
43.5099983215332
48.060001373291016
38.810001373291016
39.869998931884766
37.650001525878906
39.33000183105469
42.79999923706055
45.709999084472656
53.54999923706055
67.0
74.12000274658203
90.76000213623047
38.61000061035156
38.25
41.08000183105469
47.810001373291016
44.790000915527344
41.86000061035156
45.40999984741211
44.4900016784668
52.41999816894531
54.099998474121094
60.06999969482422
61.86000061035156
66.7300033569336
62.869998931884766
76.06999969482422
64.69000244140625
60.70000076293945
63.02000045776367
56.43000030517578
62.43000030517578
62.279998779296875
59.959999084472656
59.310001373291016
56.70000076293945
46.91999816894531
44.27000045776367
47.59000015258789
51.619998931884766
54.04999923706055
62.54999923706055
44.040000915527344
42.41999816894531
38.02000045776367
37.08000183105469
40.27000045776367
38.709999084472656
40.18000030517578
34.45000076293945
35.43000030517578
36.029998779296875
39.279998779296875
41.70000076293945
42.27000045776367
44.97999954223633
39.5099983215332
40.36000061035156
38.349998474121094
40.16999816894531
46.970001220703125
49.029998779296875
58.279998779296875
58.459999084472656
60.79999923706055
40.790000915527344
44.83000183105469
41.56999969482422
47.43000030517578
54.86000061035156
73.19000244140625
81.41999816894531
79.41999816894531
43.779998779296875
45.7599983215332
41.209999084472656
42.310001373291016
44.4900016784668
50.25
56.40999984741211
61.459999084472656
66.44999694824219
37.91999816894531
40.66999816894531
30.899999618530273
36.77000045776367
31.40999984741211
32.86000061035156
30.93000030517578
33.70000076293945
36.709999084472656
36.7400016784668
38.209999084472656
40.4900016784668
42.36000061035156
44.33000183105469
47.060001373291016
48.290000915527344
52.0099983215332
43.79999923706055
49.4900016784668
48.810001373291016
39.7599983215332
37.2599983215332
40.650001525878906
45.220001220703125
50.810001373291016
69.75
80.87999725341797
81.9000015258789
84.9800033569336
40.86000061035156
34.650001525878906
36.75
38.040000915527344
35.779998779296875
39.54999923706055
36.189998626708984
38.47999954223633
40.369998931884766
37.459999084472656
38.560001373291016
38.380001068115234
32.63999938964844
38.11000061035156
33.130001068115234
34.9900016784668
37.91999816894531
41.66999816894531
49.130001068115234
54.439998626708984
60.029998779296875
65.02999877929688
37.900001525878906
37.220001220703125
38.459999084472656
41.0099983215332
45.47999954223633
47.130001068115234
49.650001525878906
42.470001220703125
42.16999816894531
47.290000915527344
45.209999084472656
46.689998626708984
54.900001525878906
45.40999984741211
46.27000045776367
42.560001373291016
38.52000045776367
36.90999984741211
41.59000015258789
42.540000915527344
45.29999923706055
47.439998626708984
47.529998779296875
47.5
39.720001220703125
39.790000915527344
34.040000915527344
35.290000915527344
43.220001220703125
40.93000030517578
40.06999969482422
32.380001068115234
34.900001525878906
36.95000076293945
36.400001525878906
38.2599983215332
43.68000030517578
48.54999923706055
35.41999816894531
39.029998779296875
32.56999969482422
40.560001373291016
43.27000045776367
50.650001525878906
61.779998779296875
59.27000045776367
62.380001068115234
40.04999923706055
33.189998626708984
37.33000183105469
39.09000015258789
38.029998779296875
34.209999084472656
42.15999984741211
34.02000045776367
36.34000015258789
39.810001373291016
36.220001220703125
37.7599983215332
40.869998931884766
38.7599983215332
36.7400016784668
35.81999969482422
36.470001220703125
36.290000915527344
39.61000061035156
45.369998931884766
52.15999984741211
52.790000915527344
50.400001525878906
34.529998779296875
35.599998474121094
36.22999954223633
40.13999938964844
42.880001068115234
50.52000045776367
55.209999084472656
56.880001068115234
63.97999954223633
36.33000183105469
36.880001068115234
33.029998779296875
35.790000915527344
31.670000076293945
39.16999816894531
37.75
38.79999923706055
35.70000076293945
34.400001525878906
34.97999954223633
36.93000030517578
37.95000076293945
41.18000030517578
37.40999984741211
37.2599983215332
37.130001068115234
34.75
36.709999084472656
35.11000061035156
41.61000061035156
48.61000061035156
48.150001525878906
44.0099983215332
48.400001525878906
46.81999969482422
40.2599983215332
42.0
40.91999816894531
42.4900016784668
41.380001068115234
46.0
47.7400016784668
51.029998779296875
55.619998931884766
40.040000915527344
41.380001068115234
42.529998779296875
47.08000183105469
49.27000045776367
62.91999816894531
68.45999908447266
76.01000213623047
88.63999938964844
48.59000015258789
42.43000030517578
40.20000076293945
39.04999923706055
44.70000076293945
45.540000915527344
57.5
46.04999923706055
33.95000076293945
36.650001525878906
37.349998474121094
42.970001220703125
38.7400016784668
40.81999969482422
42.2599983215332
42.9900016784668
46.70000076293945
40.7400016784668
46.86000061035156
48.36000061035156
46.56999969482422
57.70000076293945
65.41000366210938
56.349998474121094
53.290000915527344
50.369998931884766
62.58000183105469
55.130001068115234
58.5099983215332
65.91999816894531
71.94000244140625
80.30000305175781
74.48999786376953
61.38999938964844
68.47000122070312
59.97999954223633
58.130001068115234
62.439998626708984
78.97000122070312
90.20999908447266
96.0199966430664
101.08999633789062
53.849998474121094
57.95000076293945
48.310001373291016
45.0099983215332
46.4900016784668
52.59000015258789
46.290000915527344
48.83000183105469
45.97999954223633
49.02000045776367
48.630001068115234
50.90999984741211
45.9900016784668
47.779998779296875
48.650001525878906
51.84000015258789
61.0099983215332
60.93000030517578
56.36000061035156
45.470001220703125
54.290000915527344
44.91999816894531
47.720001220703125
46.939998626708984
54.06999969482422
56.119998931884766
45.02000045776367
43.72999954223633
47.290000915527344
47.70000076293945
46.0099983215332
54.34000015258789
50.18000030517578
50.970001220703125
46.68000030517578
56.290000915527344
60.61000061035156
62.09000015258789
65.08000183105469
73.36000061035156
84.72000122070312
83.55000305175781
55.209999084472656
57.65999984741211
49.81999969482422
56.130001068115234
67.27999877929688
85.01000213623047
96.5999984741211
104.25
107.70999908447266
60.709999084472656
64.36000061035156
65.1500015258789
65.55999755859375
65.87000274658203
70.30000305175781
82.94000244140625
83.26000213623047
87.31999969482422
58.06999969482422
73.55999755859375
54.7599983215332
53.11000061035156
53.13999938964844
51.20000076293945
55.41999816894531
64.41999816894531
63.40999984741211
71.16000366210938
71.4000015258789
71.43000030517578
75.25
69.19999694824219
77.19000244140625
69.76000213623047
70.08999633789062
71.81999969482422
74.7699966430664
71.54000091552734
84.91999816894531
85.1500015258789
83.06999969482422
88.33999633789062
87.0199966430664
92.01000213623047
94.3499984741211
102.22000122070312
100.5999984741211
85.88999938964844
97.44999694824219
79.26000213623047
84.16000366210938
75.7300033569336
71.31999969482422
74.36000061035156
74.5999984741211
78.05999755859375
82.33000183105469
71.79000091552734
65.19999694824219
97.54000091552734
95.95999908447266
100.94000244140625
107.0
117.19000244140625
125.69999694824219
128.72000122070312
126.72000122070312
125.37999725341797
97.11000061035156
100.6500015258789
89.41000366210938
92.02999877929688
96.36000061035156
96.81999969482422
100.36000061035156
99.66999816894531
100.43000030517578
100.58000183105469
98.30999755859375
101.0199966430664
97.97000122070312
92.2300033569336
84.37999725341797
79.02999877929688
78.05999755859375
76.88999938964844
79.11000061035156
80.30999755859375
79.70999908447266
103.27999877929688
108.88999938964844
101.04000091552734
107.12999725341797
105.0999984741211
103.12000274658203
112.13999938964844
108.80999755859375
112.55000305175781
118.37999725341797
119.97000122070312
121.8499984741211
112.73999786376953
116.51000213623047
117.13999938964844
115.62999725341797
115.88999938964844
123.48999786376953
111.30000305175781
110.97000122070312
105.5199966430664
107.13999938964844
108.05000305175781
118.30000305175781
129.33999633789062
129.94000244140625
137.7899932861328
105.12999725341797
118.66000366210938
99.83000183105469
105.0
105.18000030517578
102.87000274658203
91.7699966430664
88.0999984741211
94.58000183105469
91.69999694824219
103.16000366210938
102.55999755859375
105.69000244140625
106.33999633789062
103.58000183105469
112.69999694824219
116.58999633789062
103.83999633789062
128.60000610351562
129.6999969482422
133.1199951171875
132.4600067138672
129.49000549316406
127.19000244140625
125.2699966430664
120.54000091552734
122.91999816894531
116.38999938964844
114.0999984741211
109.91000366210938
110.19999694824219
103.51000213623047
106.62999725341797
111.97000122070312
119.37999725341797
118.29000091552734
107.3499984741211
105.27999877929688
103.95999908447266
106.18000030517578
112.33999633789062
99.27999877929688
92.79000091552734
90.37000274658203
98.45999908447266
106.06999969482422
111.91999816894531
122.41999816894531
140.49000549316406
127.87000274658203
97.7699966430664
103.41000366210938
98.3499984741211
101.86000061035156
104.80999755859375
101.6500015258789
103.37000274658203
115.41000366210938
94.18000030517578
100.20999908447266
101.05000305175781
101.9800033569336
95.41999816894531
103.55000305175781
99.05000305175781
106.16999816894531
103.69000244140625
90.02999877929688
88.1500015258789
89.56999969482422
84.20999908447266
109.3499984741211
101.91999816894531
105.69999694824219
97.77999877929688
98.62000274658203
100.54000091552734
97.91999816894531
104.72000122070312
103.2699966430664
107.61000061035156
108.44000244140625
108.01000213623047
112.27999877929688
123.23999786376953
109.0999984741211
107.87000274658203
105.05999755859375
101.86000061035156
90.38999938964844
100.44000244140625
101.4800033569336
90.18000030517578
102.9000015258789
98.33000183105469
99.72000122070312
100.38999938964844
96.11000061035156
88.2300033569336
90.48999786376953
87.0199966430664
81.1500015258789
81.83000183105469
81.44000244140625
87.63999938964844
85.94000244140625
86.4000015258789
77.66999816894531
91.77999877929688
69.9800033569336
69.9800033569336
71.61000061035156
73.18000030517578
69.8499984741211
76.19999694824219
78.0199966430664
80.11000061035156
86.04000091552734
94.38999938964844
110.58000183105469
119.30999755859375
126.87000274658203
135.92999267578125
80.36000061035156
85.01000213623047
75.37000274658203
83.55000305175781
89.94999694824219
94.81999969482422
92.43000030517578
69.77999877929688
72.69999694824219
63.959999084472656
61.09000015258789
64.44000244140625
63.650001525878906
62.849998474121094
56.88999938964844
58.34000015258789
59.04999923706055
59.5
64.87999725341797
71.16000366210938
67.55000305175781
69.83999633789062
60.849998474121094
63.86000061035156
58.0
56.209999084472656
56.630001068115234
66.62000274658203
79.33999633789062
93.7300033569336
105.97000122070312
110.45999908447266
103.05999755859375
62.47999954223633
56.33000183105469
54.16999816894531
66.12000274658203
71.9800033569336
75.4000015258789
80.6500015258789
89.5999984741211
83.45999908447266
62.400001525878906
68.48999786376953
58.77000045776367
63.790000915527344
62.060001373291016
68.30000305175781
63.47999954223633
70.44000244140625
61.79999923706055
64.94000244140625
57.470001220703125
63.40999984741211
62.81999969482422
66.3499984741211
69.37999725341797
62.70000076293945
59.0099983215332
50.45000076293945
54.02000045776367
55.58000183105469
59.18000030517578
67.4000015258789
73.66000366210938
85.94999694824219
68.5
50.81999969482422
52.91999816894531
49.34000015258789
46.36000061035156
45.880001068115234
41.08000183105469
48.75
50.720001220703125
50.400001525878906
48.310001373291016
43.439998626708984
47.18000030517578
44.18000030517578
37.849998474121094
44.310001373291016
48.689998626708984
51.279998779296875
58.15999984741211
67.01000213623047
64.22000122070312
51.04999923706055
49.0099983215332
51.34000015258789
49.63999938964844
59.880001068115234
68.55000305175781
71.16000366210938
63.02000045776367
43.790000915527344
45.630001068115234
39.220001220703125
39.97999954223633
41.56999969482422
43.220001220703125
49.38999938964844
45.959999084472656
42.93000030517578
45.130001068115234
45.22999954223633
49.619998931884766
45.18000030517578
47.5
41.779998779296875
47.900001525878906
43.91999816894531
44.16999816894531
46.04999923706055
49.95000076293945
62.4900016784668
66.29000091552734
72.66999816894531
62.099998474121094
44.56999969482422
47.13999938964844
45.22999954223633
48.529998779296875
58.939998626708984
63.34000015258789
66.1500015258789
75.56999969482422
80.9000015258789
51.56999969482422
52.790000915527344
47.13999938964844
41.06999969482422
42.86000061035156
38.5099983215332
40.31999969482422
41.099998474121094
46.61000061035156
42.939998626708984
40.279998779296875
49.61000061035156
48.90999984741211
45.540000915527344
46.86000061035156
47.400001525878906
50.599998474121094
55.0099983215332
63.709999084472656
70.61000061035156
63.060001373291016
46.099998474121094
46.689998626708984
41.70000076293945
42.81999969482422
43.220001220703125
50.75
51.040000915527344
48.779998779296875
47.29999923706055
48.91999816894531
50.599998474121094
49.77000045776367
49.650001525878906
50.81999969482422
50.470001220703125
43.040000915527344
55.18000030517578
53.77000045776367
54.95000076293945
56.060001373291016
58.470001220703125
58.880001068115234
62.779998779296875
72.0
82.08999633789062
98.06999969482422
105.41000366210938
112.38999938964844
105.11000061035156
78.97000122070312
81.48999786376953
74.61000061035156
76.41000366210938
80.77999877929688
87.55999755859375
81.95999908447266
84.87000274658203
99.36000061035156
92.33000183105469
86.51000213623047
82.55999755859375
83.25
92.72000122070312
86.77999877929688
100.5
98.41999816894531
103.4000015258789
105.83999633789062
109.05999755859375
104.33000183105469
112.19999694824219
91.5
87.30000305175781
91.04000091552734
94.9800033569336
96.25
100.4000015258789
93.55000305175781
89.62999725341797
83.94000244140625
83.83999633789062
87.2300033569336
91.8499984741211
97.91000366210938
96.41999816894531
92.56999969482422
79.69000244140625
69.75
82.3499984741211
84.80999755859375
80.18000030517578
85.4000015258789
87.12000274658203
88.05000305175781
94.95999908447266
97.69999694824219
109.37999725341797
110.18000030517578
114.13999938964844
114.19999694824219
109.66999816894531
112.13999938964844
118.76000213623047
103.22000122070312
88.2300033569336
99.0
102.86000061035156
98.55999755859375
99.16000366210938
97.13999938964844
94.93000030517578
91.38999938964844
83.16000366210938
82.41000366210938
75.41999816894531
79.41999816894531
79.6500015258789
74.06999969482422
82.5999984741211
87.5199966430664
93.5199966430664
90.01000213623047
97.48999786376953
107.69000244140625
114.45999908447266
121.52999877929688
118.31999969482422
120.12000274658203
116.75
105.38999938964844
122.81999969482422
125.06999969482422
110.3499984741211
104.16000366210938
106.66000366210938
109.08999633789062
116.88999938964844
127.52999877929688
129.8800048828125
132.05999755859375
131.6699981689453
109.04000091552734
112.91999816894531
109.72000122070312
106.93000030517578
112.16000366210938
120.31999969482422
109.86000061035156
99.77999877929688
96.5
100.58999633789062
98.0999984741211
94.61000061035156
93.19000244140625
98.0
100.62999725341797
106.31999969482422
104.52999877929688
108.56999969482422
107.83999633789062
116.66000366210938
113.61000061035156
100.93000030517578
107.4800033569336
108.62000274658203
104.51000213623047
104.41000366210938
111.13999938964844
113.87000274658203
103.0999984741211
120.27999877929688
111.6500015258789
120.44000244140625
108.19999694824219
104.23999786376953
107.88999938964844
106.66000366210938
106.91000366210938
100.93000030517578
105.47000122070312
105.7300033569336
108.45999908447266
109.98999786376953
108.66999816894531
100.33000183105469
107.55999755859375
103.36000061035156
104.8499984741211
94.05000305175781
97.06999969482422
99.19000244140625
98.5199966430664
99.94999694824219
100.38999938964844
98.25
96.36000061035156
100.23999786376953
95.98999786376953
93.73999786376953
81.41999816894531
98.08000183105469
94.68000030517578
88.98999786376953
95.91000366210938
96.08999633789062
94.91999816894531
93.55000305175781
93.58999633789062
100.9000015258789
96.55000305175781
109.9000015258789
111.87000274658203
114.19000244140625
120.77999877929688
121.87000274658203
122.5199966430664
124.80000305175781
127.12999725341797
124.9800033569336
107.86000061035156
103.12999725341797
106.97000122070312
111.66999816894531
103.70999908447266
104.12999725341797
105.70999908447266
109.44000244140625
106.52999877929688
109.12000274658203
122.4800033569336
125.47000122070312
127.66999816894531
122.87999725341797
115.41999816894531
110.7300033569336
112.55999755859375
118.31999969482422
119.80000305175781
117.08000183105469
117.54000091552734
117.75
114.33000183105469
116.43000030517578
115.8499984741211
115.29000091552734
120.63999938964844
125.43000030517578
127.87999725341797
131.3699951171875
122.2699966430664
113.25
115.30999755859375
133.63999938964844
134.6999969482422
137.52000427246094
140.3300018310547
144.5800018310547
149.75999450683594
127.37999725341797
167.49000549316406
134.2100067138672
126.4000015258789
134.8800048828125
135.47999572753906
136.58999633789062
134.97000122070312
141.92999267578125
118.01000213623047
136.5
133.9600067138672
133.74000549316406
137.77000427246094
136.30999755859375
133.02999877929688
125.13999938964844
121.56999969482422
124.13999938964844
138.5800018310547
126.7699966430664
140.1699981689453
134.5
126.36000061035156
124.87999725341797
119.7300033569336
119.87999725341797
116.58000183105469
112.9800033569336
118.94999694824219
114.79000091552734
116.66999816894531
103.9800033569336
126.38999938964844
126.81999969482422
122.13999938964844
138.4199981689453
142.60000610351562
142.52999877929688
142.83999633789062
142.4199981689453
140.22000122070312
135.97000122070312
124.95999908447266
119.19000244140625
139.33999633789062
132.10000610351562
136.60000610351562
128.72999572753906
141.82000732421875
148.74000549316406
155.55999755859375
152.08999633789062
176.69000244140625
122.83000183105469
120.2300033569336
117.7300033569336
119.91999816894531
119.58000183105469
115.48999786376953
108.08999633789062
116.30000305175781
126.97000122070312
116.83999633789062
139.10000610351562
147.3300018310547
146.88999938964844
141.13999938964844
138.0399932861328
135.58999633789062
138.07000732421875
146.8800048828125
144.94000244140625
145.30999755859375
138.61000061035156
136.6999969482422
139.6300048828125
132.74000549316406
130.9199981689453
125.55000305175781
124.80999755859375
129.3800048828125
134.94000244140625
145.5500030517578
146.8800048828125
142.0399932861328
143.02999877929688
129.47999572753906
138.41000366210938
125.87999725341797
121.4000015258789
110.68000030517578
111.31999969482422
111.94000244140625
106.66999816894531
124.97000122070312
114.69000244140625
125.70999908447266
124.75
126.4800033569336
132.25
135.30999755859375
138.5500030517578
145.47000122070312
119.45999908447266
130.25
118.76000213623047
130.0399932861328
137.1199951171875
141.5399932861328
145.3000030517578
149.5500030517578
148.3300018310547
125.56999969482422
126.37000274658203
131.27999877929688
134.72999572753906
136.0500030517578
135.60000610351562
137.0800018310547
133.8300018310547
133.14999389648438
136.67999267578125
127.41000366210938
139.75
135.92999267578125
127.7699966430664
123.58999633789062
120.01000213623047
112.48999786376953
110.69999694824219
119.47000122070312
118.97000122070312
131.42999267578125
129.72000122070312
128.1999969482422
123.5
117.31999969482422
118.79000091552734
108.41000366210938
124.91999816894531
114.3499984741211
132.2899932861328
141.86000061035156
137.72999572753906
132.49000549316406
108.06999969482422
137.2899932861328
148.52999877929688
127.79000091552734
154.33999633789062
155.3300018310547
152.1300048828125
153.72999572753906
142.8800048828125
156.63999938964844
154.0800018310547
151.27999877929688
152.30999755859375
145.74000549316406
142.92999267578125
146.27000427246094
147.89999389648438
144.27000427246094
135.89999389648438
128.25999450683594
120.5999984741211
113.81999969482422
105.16000366210938
101.22000122070312
132.5800018310547
130.49000549316406
129.33999633789062
127.80000305175781
128.6999969482422
124.68000030517578
132.1999969482422
140.10000610351562
133.97000122070312
123.94000244140625
107.83999633789062
122.94999694824219
127.44999694824219
137.8300018310547
145.50999450683594
145.44000244140625
143.36000061035156
148.66000366210938
133.9499969482422
151.88999938964844
151.32000732421875
125.91999816894531
117.7300033569336
134.10000610351562
138.52000427246094
142.00999450683594
139.9600067138672
132.0500030517578
131.6300048828125
127.27999877929688
119.41999816894531
115.41999816894531
122.55999755859375
106.79000091552734
112.72000122070312
106.54000091552734
119.44000244140625
130.72000122070312
134.91000366210938
135.6699981689453
132.0800018310547
139.1300048828125
130.0
123.47000122070312
132.47999572753906
133.63999938964844
130.77000427246094
126.52999877929688
127.41000366210938
136.7899932861328
144.52000427246094
133.8000030517578
131.32000732421875
129.75999450683594
121.05999755859375
114.16000366210938
112.76000213623047
118.48999786376953
119.01000213623047
113.91999816894531
115.79000091552734
124.37999725341797
122.19000244140625
131.77999877929688
128.72999572753906
132.47000122070312
134.89999389648438
122.72000122070312
111.02999877929688
130.8800048828125
132.2100067138672
130.41000366210938
144.52000427246094
124.66999816894531
132.52999877929688
141.64999389648438
139.36000061035156
138.77000427246094
137.6199951171875
137.7100067138672
134.74000549316406
138.25
142.52999877929688
140.61000061035156
145.3699951171875
147.94000244140625
156.82000732421875
167.6699981689453
162.24000549316406
153.6999969482422
145.30999755859375
143.25999450683594
127.44999694824219
114.93000030517578
109.12999725341797
110.91000366210938
110.5199966430664
108.91999816894531
109.98999786376953
104.11000061035156
108.30999755859375
106.62000274658203
107.48999786376953
106.37999725341797
106.95999908447266
96.2300033569336
107.37000274658203
105.29000091552734
114.5
113.12999725341797
121.41000366210938
121.22000122070312
120.88999938964844
114.0999984741211
107.1500015258789
118.66000366210938
107.51000213623047
108.94000244140625
109.51000213623047
106.63999938964844
105.30999755859375
98.72000122070312
99.31999969482422
102.18000030517578
105.6500015258789
105.08999633789062
104.79000091552734
99.30000305175781
99.04000091552734
98.98999786376953
99.77999877929688
104.33999633789062
107.19000244140625
100.48999786376953
102.58000183105469
109.20999908447266
114.83999633789062
121.83999633789062
111.88999938964844
114.12000274658203
110.29000091552734
110.47000122070312
108.5
121.73999786376953
125.19999694824219
126.27999877929688
128.14999389648438
130.57000732421875
134.9499969482422
140.8000030517578
144.24000549316406
147.72999572753906
152.91000366210938
157.4600067138672
161.9499969482422
159.5
139.47000122070312
132.49000549316406
134.91000366210938
131.32000732421875
144.16000366210938
157.92999267578125
168.4600067138672
158.8300018310547
123.37000274658203
122.9800033569336
116.08999633789062
117.30000305175781
125.5
133.3699951171875
147.08999633789062
128.49000549316406
123.38999938964844
119.47000122070312
127.55000305175781
122.48999786376953
121.72000122070312
121.12000274658203
120.08999633789062
115.93000030517578
104.88999938964844
119.87999725341797
121.02999877929688
118.98999786376953
117.54000091552734
112.72000122070312
110.86000061035156
107.69000244140625
122.08999633789062
109.3499984741211
116.0999984741211
111.30000305175781
111.73999786376953
110.63999938964844
107.44000244140625
106.4800033569336
105.47000122070312
105.9000015258789
108.30000305175781
111.56999969482422
113.95999908447266
111.9000015258789
111.3499984741211
117.88999938964844
133.1199951171875
147.49000549316406
133.75999450683594
167.1300048828125
101.7300033569336
83.91999816894531
96.70999908447266
107.68000030517578
109.56999969482422
119.69000244140625
133.63999938964844
139.2899932861328
148.19000244140625
95.62000274658203
88.55000305175781
96.61000061035156
99.55999755859375
100.80999755859375
95.94000244140625
86.87999725341797
84.54000091552734
87.88999938964844
88.86000061035156
84.19999694824219
81.5
83.0199966430664
77.5999984741211
78.63999938964844
77.33000183105469
79.88999938964844
86.36000061035156
93.69000244140625
93.19999694824219
88.36000061035156
80.36000061035156
78.16000366210938
83.2300033569336
78.93000030517578
83.79000091552734
89.30999755859375
84.52999877929688
75.93000030517578
92.01000213623047
99.58000183105469
100.5
107.54000091552734
107.54000091552734
107.02999877929688
97.22000122070312
84.0
109.61000061035156
113.8499984741211
112.87000274658203
116.61000061035156
118.8499984741211
113.75
120.69000244140625
121.4800033569336
123.56999969482422
124.44000244140625
116.11000061035156
111.0999984741211
110.2699966430664
113.25
107.11000061035156
124.69999694824219
142.14999389648438
117.55999755859375
112.02999877929688
109.12000274658203
113.9000015258789
119.44999694824219
119.80999755859375
120.58999633789062
122.83999633789062
125.25
130.2100067138672
127.45999908447266
141.97000122070312
154.22000122070312
171.3699951171875
157.38999938964844
121.37000274658203
111.69000244140625
112.0
116.33000183105469
116.6500015258789
123.02999877929688
129.0
130.35000610351562
110.08999633789062
113.43000030517578
109.72000122070312
114.2699966430664
121.20999908447266
126.16000366210938
124.55999755859375
105.44999694824219
103.2699966430664
95.94000244140625
96.51000213623047
97.0
96.6500015258789
93.95999908447266
94.0999984741211
97.76000213623047
102.55000305175781
102.70999908447266
94.45999908447266
106.4800033569336
116.26000213623047
121.12000274658203
126.2300033569336
125.33999633789062
116.13999938964844
113.77999877929688
109.38999938964844
107.66999816894531
100.91999816894531
92.62999725341797
88.08000183105469
90.04000091552734
104.62999725341797
103.47000122070312
106.13999938964844
109.87999725341797
115.30999755859375
120.69000244140625
125.8499984741211
118.81999969482422
118.16999816894531
112.30000305175781
110.29000091552734
114.88999938964844
120.20999908447266
122.2699966430664
115.48999786376953
119.05999755859375
97.75
123.29000091552734
126.41000366210938
128.13999938964844
132.69000244140625
123.7300033569336
122.97000122070312
122.20999908447266
120.0
115.44000244140625
119.87000274658203
118.98999786376953
122.31999969482422
119.55000305175781
118.12999725341797
127.26000213623047
110.48999786376953
110.75
107.83999633789062
88.3499984741211
99.30000305175781
96.88999938964844
104.01000213623047
99.41999816894531
111.94999694824219
121.25
123.05999755859375
128.16000366210938
138.8800048828125
136.99000549316406
130.41000366210938
119.9800033569336
125.48999786376953
124.86000061035156
119.93000030517578
111.6500015258789
113.11000061035156
109.88999938964844
102.06999969482422
99.83000183105469
98.33000183105469
98.81999969482422
98.5
101.38999938964844
108.12999725341797
96.08999633789062
108.02999877929688
115.2300033569336
119.63999938964844
121.8499984741211
127.55000305175781
123.48999786376953
114.97000122070312
109.27999877929688
117.69000244140625
107.2300033569336
103.62999725341797
101.16000366210938
99.75
103.11000061035156
100.41000366210938
97.26000213623047
102.19000244140625
112.22000122070312
125.7300033569336
132.05999755859375
135.1999969482422
129.72999572753906
137.6300048828125
112.62999725341797
97.56999969482422
117.33999633789062
115.08999633789062
105.2699966430664
104.43000030517578
105.20999908447266
109.41000366210938
121.7699966430664
119.25
131.39999389648438
130.50999450683594
125.08999633789062
125.73999786376953
118.11000061035156
117.43000030517578
122.55999755859375
106.41999816894531
104.80999755859375
104.05000305175781
110.18000030517578
114.23999786376953
116.0
120.56999969482422
107.5
110.30000305175781
104.5
107.33999633789062
111.2699966430664
109.13999938964844
115.48999786376953
122.77999877929688
128.11000061035156
105.37999725341797
108.58999633789062
102.66999816894531
101.68000030517578
102.38999938964844
104.87999725341797
100.79000091552734
104.04000091552734
107.77999877929688
107.20999908447266
115.12999725341797
110.0199966430664
120.61000061035156
117.44000244140625
122.87999725341797
117.87000274658203
106.04000091552734
94.9800033569336
99.86000061035156
104.31999969482422
106.58000183105469
133.97999572753906
135.63999938964844
139.52999877929688
140.30999755859375
144.69000244140625
153.88999938964844
160.08999633789062
164.30999755859375
158.6199951171875
138.25
134.85000610351562
134.97000122070312
126.11000061035156
127.47000122070312
128.39999389648438
127.05000305175781
120.62999725341797
116.16999816894531
122.27999877929688
122.04000091552734
111.38999938964844
107.08000183105469
105.58000183105469
101.69000244140625
85.16000366210938
96.9800033569336
100.52999877929688
96.72000122070312
97.68000030517578
95.23999786376953
98.44999694824219
98.58000183105469
93.16999816894531
90.08999633789062
87.88999938964844
86.88999938964844
85.77999877929688
98.08000183105469
85.11000061035156
71.81999969482422
76.36000061035156
75.8499984741211
76.04000091552734
84.19000244140625
99.70999908447266
109.5999984741211
120.7300033569336
71.0999984741211
74.41000366210938
66.37999725341797
68.81999969482422
69.66999816894531
70.02999877929688
59.90999984741211
65.94000244140625
60.11000061035156
60.33000183105469
66.52999877929688
67.12999725341797
60.52000045776367
61.400001525878906
56.79999923706055
59.439998626708984
59.29999923706055
62.220001220703125
66.37000274658203
75.94000244140625
66.56999969482422
61.25
62.5099983215332
55.41999816894531
55.90999984741211
56.93000030517578
59.119998931884766
70.8499984741211
73.37000274658203
60.06999969482422
62.2599983215332
59.33000183105469
60.86000061035156
66.06999969482422
77.23999786376953
85.62000274658203
96.83000183105469
111.58000183105469
115.05000305175781
67.13999938964844
63.77000045776367
60.36000061035156
60.40999984741211
54.68000030517578
59.099998474121094
57.029998779296875
59.18000030517578
57.790000915527344
57.880001068115234
58.7400016784668
67.58999633789062
63.22999954223633
71.20999908447266
63.68000030517578
49.189998626708984
49.54999923706055
49.95000076293945
55.529998779296875
54.91999816894531
56.58000183105469
57.619998931884766
55.52000045776367
52.060001373291016
50.86000061035156
51.31999969482422
50.650001525878906
52.130001068115234
46.7400016784668
49.400001525878906
51.0099983215332
44.209999084472656
47.720001220703125
53.369998931884766
58.470001220703125
64.94000244140625
46.61000061035156
44.52000045776367
40.279998779296875
47.52000045776367
51.689998626708984
56.349998474121094
57.0099983215332
61.11000061035156
50.38999938964844
39.20000076293945
34.11000061035156
38.220001220703125
37.880001068115234
41.0099983215332
48.11000061035156
46.91999816894531
50.93000030517578
32.939998626708984
34.720001220703125
36.38999938964844
37.869998931884766
41.599998474121094
54.939998626708984
59.2599983215332
73.05999755859375
40.310001373291016
37.7400016784668
40.720001220703125
37.56999969482422
39.2599983215332
36.13999938964844
37.11000061035156
34.70000076293945
31.719999313354492
32.849998474121094
34.150001525878906
37.0
36.2599983215332
37.08000183105469
37.900001525878906
37.45000076293945
41.599998474121094
33.41999816894531
38.790000915527344
34.11000061035156
33.81999969482422
40.2400016784668
43.86000061035156
45.77000045776367
43.91999816894531
37.5
33.70000076293945
33.380001068115234
35.470001220703125
33.290000915527344
33.810001373291016
40.34000015258789
33.400001525878906
33.81999969482422
32.52000045776367
34.61000061035156
34.45000076293945
39.09000015258789
42.77000045776367
48.099998474121094
50.16999816894531
48.779998779296875
50.970001220703125
35.0
40.90999984741211
36.720001220703125
36.84000015258789
37.209999084472656
41.11000061035156
54.41999816894531
50.72999954223633
53.029998779296875
43.02000045776367
43.59000015258789
41.0
39.56999969482422
45.2599983215332
46.599998474121094
51.63999938964844
49.25
43.529998779296875
45.130001068115234
40.560001373291016
48.13999938964844
53.79999923706055
63.380001068115234
74.36000061035156
77.29000091552734
78.11000061035156
45.099998474121094
49.33000183105469
40.290000915527344
44.79999923706055
42.400001525878906
43.939998626708984
53.45000076293945
47.029998779296875
40.27000045776367
41.02000045776367
47.869998931884766
48.36000061035156
49.93000030517578
53.18000030517578
55.06999969482422
58.2400016784668
51.099998474121094
55.9900016784668
57.63999938964844
57.06999969482422
54.84000015258789
51.220001220703125
60.470001220703125
67.16000366210938
74.05999755859375
58.220001220703125
51.9900016784668
51.36000061035156
51.79999923706055
55.56999969482422
66.80999755859375
73.37000274658203
76.01000213623047
92.38999938964844
51.939998626708984
58.970001220703125
50.88999938964844
50.72999954223633
50.470001220703125
50.04999923706055
50.220001220703125
48.79999923706055
53.83000183105469
53.939998626708984
53.040000915527344
57.5
62.34000015258789
67.23999786376953
69.11000061035156
77.29000091552734
83.62999725341797
63.470001220703125
65.25
52.70000076293945
47.65999984741211
54.65999984741211
55.560001373291016
55.849998474121094
54.52000045776367
54.880001068115234
52.290000915527344
54.83000183105469
53.27000045776367
59.040000915527344
66.45999908447266
47.720001220703125
47.81999969482422
48.09000015258789
49.09000015258789
58.150001525878906
64.16000366210938
63.72999954223633
63.91999816894531
44.18000030517578
48.36000061035156
47.400001525878906
45.150001525878906
42.099998474121094
44.13999938964844
51.560001373291016
40.75
42.279998779296875
36.43000030517578
42.529998779296875
44.52000045776367
48.31999969482422
58.119998931884766
69.69999694824219
80.75
92.25
39.18000030517578
44.06999969482422
39.959999084472656
37.56999969482422
40.40999984741211
50.91999816894531
55.599998474121094
59.790000915527344
37.36000061035156
38.2599983215332
34.75
35.0099983215332
32.779998779296875
38.68000030517578
38.939998626708984
37.380001068115234
38.540000915527344
38.86000061035156
37.279998779296875
38.970001220703125
41.81999969482422
35.939998626708984
39.029998779296875
36.66999816894531
40.41999816894531
39.09000015258789
36.2599983215332
41.18000030517578
45.61000061035156
45.369998931884766
48.880001068115234
42.81999969482422
47.20000076293945
51.849998474121094
60.56999969482422
68.18000030517578
67.45999908447266
47.0
47.189998626708984
37.45000076293945
38.220001220703125
40.86000061035156
44.84000015258789
47.2599983215332
45.04999923706055
46.40999984741211
55.099998474121094
45.790000915527344
42.16999816894531
35.560001373291016
39.31999969482422
34.09000015258789
37.88999938964844
39.95000076293945
45.619998931884766
44.2400016784668
43.15999984741211
47.0
40.15999984741211
38.31999969482422
36.43000030517578
41.47999954223633
34.060001373291016
30.889999389648438
32.18000030517578
34.97999954223633
31.8799991607666
29.649999618530273
32.380001068115234
29.6299991607666
36.36000061035156
28.700000762939453
38.79999923706055
38.47999954223633
39.380001068115234
42.5
42.08000183105469
46.65999984741211
51.84000015258789
48.470001220703125
52.22999954223633
57.36000061035156
62.060001373291016
59.84000015258789
75.05000305175781
73.16999816894531
84.88999938964844
77.44000244140625
66.4800033569336
58.060001373291016
76.30000305175781
84.38999938964844
77.29000091552734
96.41000366210938
103.38999938964844
114.37000274658203
106.12999725341797
103.8499984741211
108.11000061035156
107.18000030517578
45.88999938964844
90.9800033569336
38.68000030517578
53.86000061035156
81.22000122070312
55.7400016784668
58.33000183105469
61.36000061035156
65.18000030517578
73.5199966430664
59.31999969482422
50.209999084472656
67.23999786376953
63.689998626708984
72.41999816894531
71.63999938964844
33.540000915527344
39.81999969482422
62.08000183105469
39.90999984741211
49.849998474121094
45.75
69.08999633789062
218.8699951171875
43.22999954223633
39.70000076293945
44.279998779296875
49.97999954223633
49.83000183105469
53.65999984741211
46.220001220703125
44.81999969482422
54.65999984741211
46.9900016784668
50.34000015258789
41.47999954223633
38.86000061035156
52.11000061035156
71.7300033569336
68.93000030517578
48.130001068115234
52.369998931884766
45.099998474121094
46.45000076293945
43.029998779296875
43.04999923706055
50.0099983215332
63.06999969482422
69.54000091552734
42.2599983215332
42.060001373291016
70.05999755859375
78.91000366210938
64.48999786376953
68.72000122070312
59.38999938964844
56.40999984741211
69.2699966430664
55.470001220703125
55.040000915527344
59.619998931884766
87.02999877929688
69.0
52.439998626708984
56.0
58.25
67.86000061035156
63.599998474121094
50.40999984741211
61.56999969482422
74.55999755859375
52.33000183105469
67.45999908447266
78.56999969482422
61.880001068115234
73.0
75.33000183105469
72.05000305175781
71.2300033569336
63.900001525878906
78.44999694824219
69.4000015258789
72.77999877929688
