24.889999389648438
26.09000015258789
25.299999237060547
27.3799991607666
27.860000610351562
26.790000915527344
29.34000015258789
25.790000915527344
24.989999771118164
25.229999542236328
25.260000228881836
27.639999389648438
26.540000915527344
29.479999542236328
22.3700008392334
20.700000762939453
21.690000534057617
21.93000030517578
22.479999542236328
25.100000381469727
26.969999313354492
23.649999618530273
21.770000457763672
23.110000610351562
20.920000076293945
20.110000610351562
22.389999389648438
24.239999771118164
22.540000915527344
17.479999542236328
17.219999313354492
16.06999969482422
15.630000114440918
14.619999885559082
14.520000457763672
15.140000343322754
14.199999809265137
16.479999542236328
17.399999618530273
17.59000015258789
18.56999969482422
21.020000457763672
24.360000610351562
25.280000686645508
26.59000015258789
29.139999389648438
28.200000762939453
27.110000610351562
27.18000030517578
27.3799991607666
28.200000762939453
19.700000762939453
18.940000534057617
22.610000610351562
22.59000015258789
25.479999542236328
27.0
30.25
29.170000076293945
30.84000015258789
20.920000076293945
19.799999237060547
19.3799991607666
19.18000030517578
20.469999313354492
20.440000534057617
20.540000915527344
21.6299991607666
21.040000915527344
22.549999237060547
20.770000457763672
17.979999542236328
20.56999969482422
14.6899995803833
14.819999694824219
15.180000305175781
14.720000267028809
14.279999732971191
14.15999984741211
14.960000038146973
13.770000457763672
13.170000076293945
13.279999732971191
13.270000457763672
13.380000114440918
13.930000305175781
13.270000457763672
12.75
14.239999771118164
14.449999809265137
14.529999732971191
14.65999984741211
14.989999771118164
15.479999542236328
15.529999732971191
17.389999389648438
18.219999313354492
19.6299991607666
21.15999984741211
18.959999084472656
18.610000610351562
21.940000534057617
17.6299991607666
17.360000610351562
18.84000015258789
19.8700008392334
20.479999542236328
19.540000915527344
16.649999618530273
14.899999618530273
17.579999923706055
17.5
18.399999618530273
20.209999084472656
21.25
23.1200008392334
24.549999237060547
18.049999237060547
16.799999237060547
19.889999389648438
22.90999984741211
24.889999389648438
26.770000457763672
28.510000228881836
26.34000015258789
23.90999984741211
21.229999542236328
26.329999923706055
24.979999542236328
24.3799991607666
26.329999923706055
22.489999771118164
21.520000457763672
20.860000610351562
22.1299991607666
18.899999618530273
16.68000030517578
15.960000038146973
16.100000381469727
17.09000015258789
16.84000015258789
17.670000076293945
16.059999465942383
15.109999656677246
15.640000343322754
15.569999694824219
16.040000915527344
16.84000015258789
16.15999984741211
17.290000915527344
15.229999542236328
14.34000015258789
16.229999542236328
16.790000915527344
18.649999618530273
21.559999465942383
23.780000686645508
24.329999923706055
23.600000381469727
15.84000015258789
14.329999923706055
15.619999885559082
17.09000015258789
19.139999389648438
21.020000457763672
23.1200008392334
25.030000686645508
23.850000381469727
15.949999809265137
16.049999237060547
14.760000228881836
14.140000343322754
14.680000305175781
12.699999809265137
11.649999618530273
12.640000343322754
12.989999771118164
13.180000305175781
13.470000267028809
13.420000076293945
13.850000381469727
13.09000015258789
13.430000305175781
13.460000038146973
13.359999656677246
13.880000114440918
14.180000305175781
14.630000114440918
14.010000228881836
13.4399995803833
14.380000114440918
13.289999961853027
13.270000457763672
13.829999923706055
14.539999961853027
14.859999656677246
14.800000190734863
13.199999809265137
13.579999923706055
12.649999618530273
12.369999885559082
13.260000228881836
13.470000267028809
14.369999885559082
12.579999923706055
12.84000015258789
13.470000267028809
14.079999923706055
14.470000267028809
13.699999809265137
16.079999923706055
16.610000610351562
17.450000762939453
15.539999961853027
14.5
15.0
14.699999809265137
14.5600004196167
14.789999961853027
14.34000015258789
16.18000030517578
14.819999694824219
14.829999923706055
17.110000610351562
17.530000686645508
19.450000762939453
21.350000381469727
23.790000915527344
23.100000381469727
17.06999969482422
17.09000015258789
15.199999809265137
13.630000114440918
13.279999732971191
12.479999542236328
13.670000076293945
12.170000076293945
15.380000114440918
17.010000228881836
19.790000915527344
22.530000686645508
23.950000762939453
19.469999313354492
17.110000610351562
17.190000534057617
17.149999618530273
17.290000915527344
17.149999618530273
18.079999923706055
16.790000915527344
17.610000610351562
16.459999084472656
17.84000015258789
17.489999771118164
17.3700008392334
18.510000228881836
19.540000915527344
19.899999618530273
21.600000381469727
23.030000686645508
24.1299991607666
24.579999923706055
25.15999984741211
26.399999618530273
29.350000381469727
31.15999984741211
26.520000457763672
25.489999771118164
23.850000381469727
26.969999313354492
29.600000381469727
35.08000183105469
39.939998626708984
42.86000061035156
42.599998474121094
47.13999938964844
27.1200008392334
29.260000228881836
24.700000762939453
24.170000076293945
23.270000457763672
24.0
23.549999237060547
24.06999969482422
26.639999389648438
28.790000915527344
28.25
29.209999084472656
29.360000610351562
29.040000915527344
29.43000030517578
29.989999771118164
29.860000610351562
32.209999084472656
34.880001068115234
34.65999984741211
30.850000381469727
34.06999969482422
35.58000183105469
37.619998931884766
38.150001525878906
39.369998931884766
40.060001373291016
41.09000015258789
40.2599983215332
43.720001220703125
35.22999954223633
33.45000076293945
36.849998474121094
40.95000076293945
47.650001525878906
56.9900016784668
59.220001220703125
58.869998931884766
62.59000015258789
59.130001068115234
57.540000915527344
60.97999954223633
61.11000061035156
62.02000045776367
35.66999816894531
34.189998626708984
34.63999938964844
32.91999816894531
33.47999954223633
36.54999923706055
37.0
39.959999084472656
36.61000061035156
32.41999816894531
28.979999542236328
36.150001525878906
34.88999938964844
35.56999969482422
37.150001525878906
39.0099983215332
32.310001373291016
27.770000457763672
32.47999954223633
32.779998779296875
35.150001525878906
38.88999938964844
42.959999084472656
45.849998474121094
47.0
34.709999084472656
33.9900016784668
36.849998474121094
34.599998474121094
37.630001068115234
40.15999984741211
43.16999816894531
44.060001373291016
34.08000183105469
31.889999389648438
34.34000015258789
33.189998626708984
33.31999969482422
33.65999984741211
37.20000076293945
29.3700008392334
27.190000534057617
29.260000228881836
33.16999816894531
34.0099983215332
36.58000183105469
33.4900016784668
33.9900016784668
33.77000045776367
34.54999923706055
33.56999969482422
38.63999938964844
46.5
52.790000915527344
56.15999984741211
47.29999923706055
35.970001220703125
34.040000915527344
34.880001068115234
34.95000076293945
35.43000030517578
30.950000762939453
36.77000045776367
38.470001220703125
35.59000015258789
36.61000061035156
35.90999984741211
42.25
49.04999923706055
58.720001220703125
54.63999938964844
51.93000030517578
54.970001220703125
59.66999816894531
64.12999725341797
39.79999923706055
44.47999954223633
36.86000061035156
37.02000045776367
37.25
43.16999816894531
46.33000183105469
33.4900016784668
32.56999969482422
27.360000610351562
33.189998626708984
33.7400016784668
32.63999938964844
34.7400016784668
35.93000030517578
37.7599983215332
39.0
30.350000381469727
26.190000534057617
27.6200008392334
26.270000457763672
24.760000228881836
25.09000015258789
26.299999237060547
26.850000381469727
27.360000610351562
24.530000686645508
23.639999389648438
24.100000381469727
24.829999923706055
25.0
26.780000686645508
28.65999984741211
28.31999969482422
27.290000915527344
23.43000030517578
22.479999542236328
23.639999389648438
24.040000915527344
24.5
25.3700008392334
26.170000076293945
25.760000228881836
28.399999618530273
23.8799991607666
23.1299991607666
24.270000457763672
23.950000762939453
25.979999542236328
27.829999923706055
27.100000381469727
28.790000915527344
29.350000381469727
26.8799991607666
29.93000030517578
29.459999084472656
22.56999969482422
23.139999389648438
21.81999969482422
23.780000686645508
25.43000030517578
26.790000915527344
21.479999542236328
25.860000610351562
23.6299991607666
24.260000228881836
23.31999969482422
24.06999969482422
27.079999923706055
30.219999313354492
32.04999923706055
30.049999237060547
31.920000076293945
22.56999969482422
21.989999771118164
21.469999313354492
20.329999923706055
18.450000762939453
18.239999771118164
18.489999771118164
18.170000076293945
20.649999618530273
21.540000915527344
20.899999618530273
20.350000381469727
20.6200008392334
20.43000030517578
20.790000915527344
20.040000915527344
20.690000534057617
21.920000076293945
21.8700008392334
21.8700008392334
23.75
24.479999542236328
23.84000015258789
24.639999389648438
19.459999084472656
18.6299991607666
18.09000015258789
18.190000534057617
19.200000762939453
21.40999984741211
21.549999237060547
25.260000228881836
20.420000076293945
17.190000534057617
18.010000228881836
16.020000457763672
16.100000381469727
16.110000610351562
16.559999465942383
16.649999618530273
16.049999237060547
16.420000076293945
14.960000038146973
18.65999984741211
21.700000762939453
22.8799991607666
23.360000610351562
21.829999923706055
22.549999237060547
22.110000610351562
23.030000686645508
23.56999969482422
24.920000076293945
24.989999771118164
24.8799991607666
28.459999084472656
32.939998626708984
36.84000015258789
39.880001068115234
38.15999984741211
38.31999969482422
23.030000686645508
20.850000381469727
23.799999237060547
23.579999923706055
24.25
25.0
27.020000457763672
29.149999618530273
30.25
22.56999969482422
23.139999389648438
21.209999084472656
21.790000915527344
21.729999542236328
22.959999084472656
21.889999389648438
23.18000030517578
22.93000030517578
23.209999084472656
23.530000686645508
23.549999237060547
22.59000015258789
22.760000228881836
19.780000686645508
22.260000228881836
20.790000915527344
20.309999465942383
17.889999389648438
22.559999465942383
20.8799991607666
23.1200008392334
27.309999465942383
22.43000030517578
18.31999969482422
17.1299991607666
16.209999084472656
15.09000015258789
15.229999542236328
14.649999618530273
15.789999961853027
14.680000305175781
14.069999694824219
14.649999618530273
15.34000015258789
16.18000030517578
16.559999465942383
16.989999771118164
16.809999465942383
15.130000114440918
15.319999694824219
15.550000190734863
15.899999618530273
15.770000457763672
15.8100004196167
15.829999923706055
16.829999923706055
17.290000915527344
18.43000030517578
20.40999984741211
21.18000030517578
22.25
24.270000457763672
25.6200008392334
27.530000686645508
26.389999389648438
25.170000076293945
23.700000762939453
22.719999313354492
22.889999389648438
23.700000762939453
23.81999969482422
22.8700008392334
25.459999084472656
23.299999237060547
21.799999237060547
23.049999237060547
22.81999969482422
22.899999618530273
23.020000457763672
22.600000381469727
23.690000534057617
20.889999389648438
23.3700008392334
22.780000686645508
24.989999771118164
27.329999923706055
29.399999618530273
26.940000534057617
19.549999237060547
20.1200008392334
16.68000030517578
17.06999969482422
17.149999618530273
16.56999969482422
16.549999237060547
16.399999618530273
16.799999237060547
17.290000915527344
16.940000534057617
16.1299991607666
17.6200008392334
18.549999237060547
19.84000015258789
19.100000381469727
14.8100004196167
13.550000190734863
14.220000267028809
14.180000305175781
14.75
15.630000114440918
16.239999771118164
14.270000457763672
13.390000343322754
13.020000457763672
14.130000114440918
14.649999618530273
14.760000228881836
13.859999656677246
16.030000686645508
17.270000457763672
19.549999237060547
20.3799991607666
21.309999465942383
22.219999313354492
22.56999969482422
22.709999084472656
20.469999313354492
15.829999923706055
15.020000457763672
15.130000114440918
15.680000305175781
15.4399995803833
15.09000015258789
14.890000343322754
16.479999542236328
15.420000076293945
15.010000228881836
14.289999961853027
13.829999923706055
13.369999885559082
13.279999732971191
13.180000305175781
13.529999732971191
14.130000114440918
13.789999961853027
15.149999618530273
16.520000457763672
17.329999923706055
17.950000762939453
18.399999618530273
17.989999771118164
17.950000762939453
18.56999969482422
17.219999313354492
16.1200008392334
15.350000381469727
13.930000305175781
15.210000038146973
17.40999984741211
17.15999984741211
18.739999771118164
20.920000076293945
23.489999771118164
23.790000915527344
26.299999237060547
24.010000228881836
28.1200008392334
20.829999923706055
20.90999984741211
19.700000762939453
18.600000381469727
17.18000030517578
17.780000686645508
18.790000915527344
17.100000381469727
19.559999465942383
19.420000076293945
20.389999389648438
20.0
21.260000228881836
22.209999084472656
21.829999923706055
22.860000610351562
23.6299991607666
25.239999771118164
22.40999984741211
21.020000457763672
22.229999542236328
22.190000534057617
23.979999542236328
27.770000457763672
26.149999618530273
22.25
24.049999237060547
20.309999465942383
18.950000762939453
19.3700008392334
20.010000228881836
20.6200008392334
19.299999237060547
17.190000534057617
14.569999694824219
18.139999389648438
20.139999389648438
21.969999313354492
24.520000457763672
25.170000076293945
25.889999389648438
20.559999465942383
18.739999771118164
23.25
24.229999542236328
24.760000228881836
26.350000381469727
26.18000030517578
27.209999084472656
26.850000381469727
26.540000915527344
27.309999465942383
23.079999923706055
19.690000534057617
23.459999084472656
15.880000114440918
28.799999237060547
16.700000762939453
16.790000915527344
20.139999389648438
8.420000076293945
33.619998931884766
11.680000305175781
20.920000076293945
24.239999771118164
30.510000228881836
24.40999984741211
26.969999313354492
24.59000015258789
21.030000686645508
14.760000228881836
33.90999984741211
34.630001068115234
34.66999816894531
35.189998626708984
39.06999969482422
37.970001220703125
33.09000015258789
36.720001220703125
29.260000228881836
25.100000381469727
23.959999084472656
24.860000610351562
25.690000534057617
23.729999542236328
26.670000076293945
23.010000228881836
23.540000915527344
22.65999984741211
22.90999984741211
24.309999465942383
28.139999389648438
29.610000610351562
24.770000457763672
21.829999923706055
20.790000915527344
20.889999389648438
21.899999618530273
22.31999969482422
22.520000457763672
21.959999084472656
20.6299991607666
22.610000610351562
18.020000457763672
16.520000457763672
16.450000762939453
16.3799991607666
16.450000762939453
16.649999618530273
15.899999618530273
14.859999656677246
16.709999084472656
18.3700008392334
20.229999542236328
23.299999237060547
23.780000686645508
25.010000228881836
25.90999984741211
24.760000228881836
24.979999542236328
26.329999923706055
29.270000457763672
27.700000762939453
18.1200008392334
19.079999923706055
17.709999084472656
18.860000610351562
21.389999389648438
22.8799991607666
23.90999984741211
27.729999542236328
22.5
17.540000915527344
18.90999984741211
16.09000015258789
15.210000038146973
15.40999984741211
15.329999923706055
14.829999923706055
14.420000076293945
15.0600004196167
15.6899995803833
14.510000228881836
14.390000343322754
13.949999809265137
13.859999656677246
15.0
14.789999961853027
14.720000267028809
14.1899995803833
16.440000534057617
15.84000015258789
18.59000015258789
18.959999084472656
20.0
22.260000228881836
22.6299991607666
24.020000457763672
19.270000457763672
18.079999923706055
20.68000030517578
19.719999313354492
20.729999542236328
20.309999465942383
23.100000381469727
20.18000030517578
19.90999984741211
20.610000610351562
20.809999465942383
20.940000534057617
22.1200008392334
22.110000610351562
20.34000015258789
20.709999084472656
18.899999618530273
18.280000686645508
17.25
18.18000030517578
19.040000915527344
17.399999618530273
18.450000762939453
16.8700008392334
18.84000015258789
19.299999237060547
21.09000015258789
22.940000534057617
24.280000686645508
26.639999389648438
27.139999389648438
18.969999313354492
19.690000534057617
18.56999969482422
18.299999237060547
17.719999313354492
17.809999465942383
17.510000228881836
18.709999084472656
20.690000534057617
21.43000030517578
22.709999084472656
22.280000686645508
21.81999969482422
22.06999969482422
20.149999618530273
19.780000686645508
19.200000762939453
18.450000762939453
19.510000228881836
19.5
21.670000076293945
22.350000381469727
23.350000381469727
22.440000534057617
25.290000915527344
18.290000915527344
15.25
18.3799991607666
19.239999771118164
19.469999313354492
19.530000686645508
19.84000015258789
20.84000015258789
19.18000030517578
16.549999237060547
20.450000762939453
21.31999969482422
24.489999771118164
27.459999084472656
31.729999542236328
34.04999923706055
35.33000183105469
18.049999237060547
15.829999923706055
17.719999313354492
17.719999313354492
19.75
20.860000610351562
23.030000686645508
23.350000381469727
26.5
17.190000534057617
16.290000915527344
16.56999969482422
16.399999618530273
16.299999237060547
15.899999618530273
14.550000190734863
16.1299991607666
16.579999923706055
16.34000015258789
17.059999465942383
19.200000762939453
16.950000762939453
16.34000015258789
17.079999923706055
15.619999885559082
15.329999923706055
16.079999923706055
16.93000030517578
17.6200008392334
16.719999313354492
15.369999885559082
17.489999771118164
14.369999885559082
13.829999923706055
13.779999732971191
13.800000190734863
13.960000038146973
13.0600004196167
13.8100004196167
13.510000228881836
13.539999961853027
14.170000076293945
15.180000305175781
14.760000228881836
16.6299991607666
13.880000114440918
14.029999732971191
14.119999885559082
14.289999961853027
13.779999732971191
13.6899995803833
14.550000190734863
14.8100004196167
15.260000228881836
14.779999732971191
15.350000381469727
14.449999809265137
14.34000015258789
14.210000038146973
14.5
14.180000305175781
14.680000305175781
14.899999618530273
13.869999885559082
16.360000610351562
15.75
16.010000228881836
15.859999656677246
15.819999694824219
14.729999542236328
16.030000686645508
15.329999923706055
16.81999969482422
16.600000381469727
16.75
16.350000381469727
17.280000686645508
13.960000038146973
21.079999923706055
22.829999923706055
22.770000457763672
23.860000610351562
25.09000015258789
21.719999313354492
25.290000915527344
27.760000228881836
26.489999771118164
27.59000015258789
28.40999984741211
29.6299991607666
26.989999771118164
27.15999984741211
27.639999389648438
29.389999389648438
30.8799991607666
31.510000228881836
32.70000076293945
31.479999542236328
36.15999984741211
39.29999923706055
36.65999984741211
36.7400016784668
34.70000076293945
35.06999969482422
31.3700008392334
33.52000045776367
33.38999938964844
28.68000030517578
36.15999984741211
35.869998931884766
33.52000045776367
33.77000045776367
35.22999954223633
39.34000015258789
38.650001525878906
37.810001373291016
35.36000061035156
31.280000686645508
34.06999969482422
30.559999465942383
30.90999984741211
30.889999389648438
30.780000686645508
33.560001373291016
31.780000686645508
33.02000045776367
29.719999313354492
36.33000183105469
35.900001525878906
37.18000030517578
37.29999923706055
36.38999938964844
31.8700008392334
31.1200008392334
28.989999771118164
28.309999465942383
28.889999389648438
26.75
30.59000015258789
33.68000030517578
35.33000183105469
38.52000045776367
43.040000915527344
43.0099983215332
42.7599983215332
41.470001220703125
42.13999938964844
32.20000076293945
31.1200008392334
32.880001068115234
34.5099983215332
40.15999984741211
46.630001068115234
44.529998779296875
43.38999938964844
53.72999954223633
53.88999938964844
57.83000183105469
59.68000030517578
66.91000366210938
64.91000366210938
34.380001068115234
34.0099983215332
35.720001220703125
33.91999816894531
36.0
38.34000015258789
39.279998779296875
45.7400016784668
49.70000076293945
36.02000045776367
32.93000030517578
38.06999969482422
39.36000061035156
40.20000076293945
39.9900016784668
39.18000030517578
37.150001525878906
35.5
33.88999938964844
33.47999954223633
37.43000030517578
39.290000915527344
40.56999969482422
40.06999969482422
38.619998931884766
30.8799991607666
26.190000534057617
32.2400016784668
32.27000045776367
35.29999923706055
37.470001220703125
38.7599983215332
37.189998626708984
29.299999237060547
28.850000381469727
27.450000762939453
30.18000030517578
34.83000183105469
37.22999954223633
33.84000015258789
27.25
24.920000076293945
24.290000915527344
22.93000030517578
21.610000610351562
21.59000015258789
19.389999389648438
18.43000030517578
18.440000534057617
16.3799991607666
19.56999969482422
21.260000228881836
22.940000534057617
24.889999389648438
26.280000686645508
22.799999237060547
20.65999984741211
17.389999389648438
23.760000228881836
26.520000457763672
26.479999542236328
29.139999389648438
27.90999984741211
29.850000381469727
31.219999313354492
35.08000183105469
33.68000030517578
35.310001373291016
38.529998779296875
43.220001220703125
39.459999084472656
37.720001220703125
38.84000015258789
42.130001068115234
42.93000030517578
35.40999984741211
35.560001373291016
37.84000015258789
38.029998779296875
38.08000183105469
41.5099983215332
44.2599983215332
38.529998779296875
36.130001068115234
31.600000381469727
35.720001220703125
36.27000045776367
36.5
39.970001220703125
43.65999984741211
46.189998626708984
45.34000015258789
33.36000061035156
27.729999542236328
34.04999923706055
37.11000061035156
37.099998474121094
36.65999984741211
40.220001220703125
40.02000045776367
43.33000183105469
42.540000915527344
38.150001525878906
39.11000061035156
42.0099983215332
44.529998779296875
45.79999923706055
54.349998474121094
51.36000061035156
52.900001525878906
34.52000045776367
33.59000015258789
30.90999984741211
29.979999542236328
31.579999923706055
33.5
35.36000061035156
38.38999938964844
35.59000015258789
30.100000381469727
28.670000076293945
31.15999984741211
29.700000762939453
29.31999969482422
29.479999542236328
26.729999542236328
28.020000457763672
28.5
27.450000762939453
30.139999389648438
30.68000030517578
26.770000457763672
27.350000381469727
25.809999465942383
26.860000610351562
27.739999771118164
29.1200008392334
28.639999389648438
33.13999938964844
24.65999984741211
22.979999542236328
23.719999313354492
25.059999465942383
28.1299991607666
30.829999923706055
35.900001525878906
36.22999954223633
38.52000045776367
22.299999237060547
19.3799991607666
19.90999984741211
18.889999389648438
19.959999084472656
19.920000076293945
19.799999237060547
20.40999984741211
18.549999237060547
19.950000762939453
19.56999969482422
18.360000610351562
18.5
19.149999618530273
19.110000610351562
19.639999389648438
17.93000030517578
16.149999618530273
19.139999389648438
20.030000686645508
22.93000030517578
26.239999771118164
29.010000228881836
24.229999542236328
19.25
18.780000686645508
21.690000534057617
22.479999542236328
23.889999389648438
25.950000762939453
26.579999923706055
26.690000534057617
26.8799991607666
20.989999771118164
21.31999969482422
22.989999771118164
23.0
23.5
25.149999618530273
27.969999313354492
23.719999313354492
22.229999542236328
19.600000381469727
23.299999237060547
24.049999237060547
25.100000381469727
24.350000381469727
22.68000030517578
21.079999923706055
24.700000762939453
25.43000030517578
26.729999542236328
31.75
26.31999969482422
27.989999771118164
32.66999816894531
39.470001220703125
39.20000076293945
43.5099983215332
43.65999984741211
46.189998626708984
25.459999084472656
23.31999969482422
24.639999389648438
25.299999237060547
29.020000457763672
31.270000457763672
36.02000045776367
39.349998474121094
38.810001373291016
23.8799991607666
23.940000534057617
22.260000228881836
22.65999984741211
23.190000534057617
22.649999618530273
23.200000762939453
20.860000610351562
20.469999313354492
21.219999313354492
21.719999313354492
21.75
22.790000915527344
18.760000228881836
16.90999984741211
18.309999465942383
18.809999465942383
17.770000457763672
18.170000076293945
17.770000457763672
17.8799991607666
19.479999542236328
19.719999313354492
19.290000915527344
16.190000534057617
16.510000228881836
15.100000381469727
14.380000114440918
14.619999885559082
14.960000038146973
14.699999809265137
14.899999618530273
14.449999809265137
15.390000343322754
15.579999923706055
15.079999923706055
14.539999961853027
14.40999984741211
13.84000015258789
14.760000228881836
13.760000228881836
16.56999969482422
18.290000915527344
19.1200008392334
20.239999771118164
19.18000030517578
18.559999465942383
17.719999313354492
18.479999542236328
20.649999618530273
22.280000686645508
23.049999237060547
24.700000762939453
25.3700008392334
27.5
28.540000915527344
26.6299991607666
25.989999771118164
25.75
24.739999771118164
24.09000015258789
24.649999618530273
22.329999923706055
25.34000015258789
23.770000457763672
24.1299991607666
22.670000076293945
22.059999465942383
20.309999465942383
20.700000762939453
22.389999389648438
22.270000457763672
20.239999771118164
21.889999389648438
22.1200008392334
24.40999984741211
24.030000686645508
25.81999969482422
25.59000015258789
19.3700008392334
18.219999313354492
18.309999465942383
17.510000228881836
18.739999771118164
18.739999771118164
20.0
18.489999771118164
16.540000915527344
14.619999885559082
15.680000305175781
15.529999732971191
15.640000343322754
16.65999984741211
17.469999313354492
16.3799991607666
15.199999809265137
15.619999885559082
15.260000228881836
15.479999542236328
15.470000267028809
16.15999984741211
16.149999618530273
14.930000305175781
16.100000381469727
15.670000076293945
16.579999923706055
17.15999984741211
17.829999923706055
19.260000228881836
17.079999923706055
16.850000381469727
18.18000030517578
19.829999923706055
20.90999984741211
22.809999465942383
22.920000076293945
23.770000457763672
23.31999969482422
16.360000610351562
15.520000457763672
16.1299991607666
15.020000457763672
14.260000228881836
14.109999656677246
15.460000038146973
13.739999771118164
14.34000015258789
14.069999694824219
14.470000267028809
14.770000457763672
15.15999984741211
15.880000114440918
16.760000228881836
17.549999237060547
14.1899995803833
15.039999961853027
13.6899995803833
13.850000381469727
14.279999732971191
13.880000114440918
14.0
13.699999809265137
13.229999542236328
12.539999961853027
13.100000381469727
13.25
13.510000228881836
14.069999694824219
13.59000015258789
14.020000457763672
15.130000114440918
14.699999809265137
15.029999732971191
15.90999984741211
17.18000030517578
20.229999542236328
24.670000076293945
19.829999923706055
14.470000267028809
14.75
15.510000228881836
16.440000534057617
16.559999465942383
17.729999542236328
18.520000457763672
16.899999618530273
16.030000686645508
14.510000228881836
15.989999771118164
16.299999237060547
15.989999771118164
17.760000228881836
15.279999732971191
14.829999923706055
14.420000076293945
14.09000015258789
14.359999656677246
14.369999885559082
14.300000190734863
14.850000381469727
15.140000343322754
14.289999961853027
15.930000305175781
15.420000076293945
15.770000457763672
16.040000915527344
17.020000457763672
17.479999542236328
17.729999542236328
18.950000762939453
17.149999618530273
17.280000686645508
15.9399995803833
17.959999084472656
18.690000534057617
20.43000030517578
22.399999618530273
26.229999542236328
22.700000762939453
17.959999084472656
16.290000915527344
17.600000381469727
18.510000228881836
19.239999771118164
20.989999771118164
22.040000915527344
22.18000030517578
22.110000610351562
21.670000076293945
22.440000534057617
18.229999542236328
17.829999923706055
19.510000228881836
20.479999542236328
21.940000534057617
24.09000015258789
26.010000228881836
25.329999923706055
24.670000076293945
26.65999984741211
26.360000610351562
27.360000610351562
27.940000534057617
29.31999969482422
21.739999771118164
22.200000762939453
23.1299991607666
23.59000015258789
24.84000015258789
25.389999389648438
24.290000915527344
24.649999618530273
21.260000228881836
20.639999389648438
18.950000762939453
21.09000015258789
22.899999618530273
22.329999923706055
20.90999984741211
24.260000228881836
27.469999313354492
30.690000534057617
26.299999237060547
26.110000610351562
21.719999313354492
22.1299991607666
22.440000534057617
21.579999923706055
22.829999923706055
24.309999465942383
21.950000762939453
18.450000762939453
18.56999969482422
23.290000915527344
13.319999694824219
17.520000457763672
21.59000015258789
12.8100004196167
17.489999771118164
27.639999389648438
10.829999923706055
16.770000457763672
17.3700008392334
12.039999961853027
24.209999084472656
21.290000915527344
25.920000076293945
21.469999313354492
16.079999923706055
26.84000015258789
16.489999771118164
23.940000534057617
21.540000915527344
20.190000534057617
18.540000915527344
16.59000015258789
17.809999465942383
